0.436987
0.999268
0.015070
0.998861
0.029773
0.003099
0.999365
0.001565
0.001210
0.999149
0.999233
0.997012
0.734909
0.998660
0.151341
0.973441
0.474121
0.747619
0.007705
0.998073
0.928913
0.999538
0.853856
0.006556
0.006063
0.009675
0.973470
0.999707
0.999103
0.439123
0.006159
0.082718
0.999506
0.202205
0.085371
0.997696
0.999725
0.999586
0.056555
0.011169
0.971092
0.010837
0.006831
0.455502
0.014711
0.021244
0.992471
0.008700
0.827450
0.986277
0.996115
0.124467
0.102067
0.066340
0.997495
0.001018
0.124027
0.657073
0.005597
0.999004
0.277772
0.968921
0.154479
0.930694
0.017671
0.123812
0.099240
0.999343
0.984048
0.998965
0.175935
0.960543
0.002711
0.010262
0.076328
0.966482
0.001601
0.978688
0.999581
0.011550
0.999279
0.989328
0.205856
0.006556
0.013405
0.998532
0.998366
0.021356
0.006072
0.664133
0.030719
0.332616
0.834980
0.103592
0.004819
0.016922
0.021829
0.822839
0.605644
0.001582
0.005164
0.338100
0.999709
0.998791
0.998132
0.001631
0.008434
0.999630
0.263805
0.010740
0.007177
0.989899
0.997115
0.001874
0.998685
0.112188
0.001454
0.008259
0.725782
0.914811
0.069480
0.925649
0.995773
0.998858
0.000805
0.874062
0.005462
0.295745
0.997595
0.002723
0.304620
0.053268
0.002045
0.036736
0.995385
0.020396
0.999032
0.519982
0.578829
0.025817
0.388083
0.377371
0.996638
0.980332
0.997588
0.011296
0.057455
0.918689
0.916563
0.961104
0.720504
0.214333
0.045786
0.993570
0.198248
0.029131
0.012068
0.044851
0.990302
0.870905
0.414937
0.975990
0.014109
0.519987
0.996327
0.984746
0.996998
0.040848
0.049180
0.012455
0.961630
0.998623
0.611483
0.012501
0.139523
0.989037
0.063261
0.962357
0.001669
0.997211
0.018939
0.998457
0.998525
0.119430
0.128265
0.038179
0.891982
0.692970
0.910472
0.008388
0.999213
0.999127
0.923732
0.984961
0.010255
0.009832
0.986465
0.349535
0.159709
0.004150
0.997907
0.613525
0.996023
0.073573
0.999134
0.968557
0.004279
0.939031
0.961952
0.002483
0.970862
0.773409
0.664226
0.326903
0.627656
0.201611
0.234199
0.054706
0.934013
0.155322
0.998422
0.367227
0.987220
0.986526
0.984610
0.996793
0.024590
0.021883
0.995507
0.142816
0.999044
0.992066
0.006798
0.004029
0.992476
0.031544
0.006296
0.171383
0.643181
0.002056
0.558269
0.033594
0.238430
0.995101
0.145531
0.956944
0.003960
0.005002
0.056411
0.977052
0.004000
0.997995
0.232007
0.860657
0.999065
0.982325
0.065772
0.991230
0.005525
0.996784
0.996230
0.002401
0.005337
0.011267
0.990462
0.996078
0.001766
0.995316
0.828318
0.992753
0.033335
0.992220
0.006407
0.008875
0.041190
0.005434
0.997819
0.043853
0.997252
0.997726
0.013849
0.006340
0.007080
0.986393
0.008347
0.856899
0.002293
0.019571
0.757412
0.997261
0.812121
0.837413
0.563680
0.984308
0.954869
0.001700
0.998550
0.759041
0.012976
0.998825
0.987926
0.999296
0.006419
0.998596
0.997074
0.460456
0.556447
0.019433
0.983778
0.986820
0.555749
0.040545
0.517130
0.309019
0.045923
0.056080
0.028696
0.984962
0.995652
0.002842
0.994559
0.001947
0.016807
0.093138
0.000807
0.678988
0.010652
0.996756
0.974461
0.962580
0.027620
0.065477
0.002098
0.003950
0.009685
0.779969
0.955262
0.001551
0.999317
0.133795
0.998167
0.014478
0.004619
0.999614
0.009463
0.037394
0.035362
0.004532
0.975430
0.903134
0.677619
0.004995
0.991275
0.001356
0.003579
0.988976
0.002526
0.014717
0.255548
0.275579
0.005586
0.002184
0.999602
0.005256
0.967687
0.990337
0.003034
0.100999
0.003077
0.005831
0.997386
0.993871
0.373872
0.049937
0.438218
0.064846
0.980264
0.983501
0.993658
0.501136
0.085101
0.945365
0.046832
0.993883
0.005218
0.997059
0.998594
0.999614
0.223946
0.067270
0.042167
0.320941
0.019080
0.001585
0.996068
0.000932
0.007665
0.014728
0.004335
0.005157
0.969089
0.003812
0.031206
0.768578
0.005777
0.113862
0.016030
0.016433
0.986771
0.999744
0.997758
0.243774
0.004222
0.024026
0.996641
0.088071
0.005683
0.998859
0.041164
0.006762
0.024256
0.902587
0.223540
0.016718
0.946783
0.997301
0.998730
0.999426
0.173203
0.994416
0.040206
0.001217
0.001372
0.768923
0.002618
0.998268
0.003374
0.998957
0.994540
0.991998
0.003760
0.988282
0.990486
0.998251
0.006629
0.997895
0.277225
0.991552
0.348201
0.990910
0.960234
0.819807
0.153814
0.021101
0.017456
0.986976
0.883065
0.022642
0.256874
0.002100
0.998027
0.021431
0.022651
0.284012
0.978943
0.022420
0.095854
0.603923
0.998257
0.999418
0.439889
0.997081
0.308013
0.999386
0.608767
0.998171
0.154092
0.069933
0.466026
0.066857
0.989488
0.995123
0.998319
0.012212
0.827837
0.915429
0.965630
0.998542
0.035954
0.007924
0.004850
0.525733
0.031374
0.150278
0.957635
0.041595
0.998828
0.012063
0.999165
0.897342
0.995914
0.978157
0.823484
0.016770
0.012781
0.990206
0.002096
0.005034
0.005384
0.999616
0.923260
0.111445
0.885459
0.013243
0.018397
0.952662
0.002792
0.010452
0.005746
0.002043
0.998108
0.997846
0.925589
0.013193
0.287448
0.996955
0.999441
0.997622
0.010400
0.997154
0.455809
0.000885
0.004258
0.989540
0.718717
0.194648
0.995872
0.996221
0.108119
0.984789
0.003730
0.999381
0.998679
0.141566
0.998002
0.005124
0.998703
0.985515
0.004018
0.001341
0.923521
0.989341
0.973383
0.996311
0.031046
0.024673
0.003461
0.995563
0.623874
0.997225
0.151604
0.999689
0.024038
0.057963
0.992409
0.817658
0.010754
0.012122
0.995263
0.304111
0.998967
0.003028
0.998223
0.999662
0.378223
0.999735
0.288816
0.743057
0.275554
0.002844
0.501051
0.062465
0.964091
0.933113
0.998876
0.005556
0.085203
0.919870
0.979103
0.005300
0.006693
0.998212
0.245238
0.002141
0.018046
0.004495
0.990183
0.007520
0.311679
0.112900
0.025707
0.968325
0.913216
0.996299
0.999404
0.003907
0.991087
0.996429
0.999219
0.301209
0.003126
0.997458
0.007976
0.002967
0.069291
0.989899
0.998270
0.999173
0.765060
0.004188
0.997229
0.042662
0.123939
0.427167
0.995589
0.001207
0.978747
0.326150
0.966637
0.005195
0.005041
0.999576
0.947199
0.037828
0.322330
0.004624
0.242725
0.100184
0.999786
0.986232
0.010806
0.762350
0.993145
0.733013
0.658927
0.984212
0.980400
0.010610
0.075275
0.002602
0.330879
0.005651
0.010399
0.999527
0.044264
0.999832
0.017748
0.007452
0.958472
0.002218
0.294416
0.896211
0.177722
0.964046
0.013052
0.951221
0.091634
0.693146
0.992160
0.636938
0.995016
0.022014
0.998291
0.002466
0.184921
0.999385
0.002166
0.384244
0.840165
0.986226
0.997919
0.152251
0.992279
0.026877
0.222662
0.003000
0.999098
0.139903
0.001943
0.008465
0.002958
0.993374
0.238895
0.935161
0.969314
0.532955
0.304516
0.002356
0.001777
0.144991
0.002144
0.996706
0.007744
0.990957
0.181815
0.024452
0.001096
0.005299
0.999826
0.013278
0.986808
0.119209
0.002387
0.055232
0.070061
0.148178
0.987595
0.008406
0.004025
0.999551
0.983442
0.007722
0.003304
0.929334
0.001195
0.993832
0.997509
0.999461
0.010156
0.016659
0.997518
0.999637
0.163698
0.013507
0.003208
0.004866
0.061984
0.049160
0.999601
0.001436
0.993992
0.965983
0.988609
0.773085
0.998335
0.009984
0.010169
0.008066
0.024996
0.991559
0.001681
0.001308
0.286844
0.018292
0.994956
0.104815
0.001613
0.999225
0.650133
0.003284
0.001997
0.998960
0.213136
0.073425
0.000630
0.988810
0.949558
0.001943
0.987553
0.034902
0.006133
0.137594
0.717315
0.037606
0.993664
0.003726
0.303034
0.003257
0.332833
0.997946
0.432987
0.983923
0.985924
0.977492
0.983100
0.003376
0.001187
0.994727
0.999119
0.604438
0.996866
0.998562
0.005004
0.357649
0.999446
0.991214
0.169764
0.980830
0.021381
0.998254
0.352988
0.967935
0.001526
0.468256
0.566109
0.881306
0.003945
0.972550
0.970686
0.001690
0.714886
0.079032
0.092830
0.996751
0.003255
0.103182
0.007786
0.097209
0.965312
0.009786
0.048631
0.997442
0.998273
0.999475
0.005397
0.469248
0.005014
0.015797
0.001648
0.052960
0.998812
0.961799
0.258039
0.168066
0.005239
0.994719
0.156165
0.992684
0.983731
0.004186
0.005960
0.893745
0.005402
0.004538
0.440510
0.998021
0.052896
0.987373
0.833563
0.734564
0.941122
0.972239
0.056845
0.162044
0.995644
0.817224
0.004169
0.995519
0.984297
0.960469
0.012359
0.018918
0.512870
0.004082
0.092967
0.013292
0.009762
0.995671
0.511051
0.027844
0.720616
0.003323
0.998948
0.999664
0.104177
0.999803
0.991486
0.119739
0.996342
0.998530
0.293339
0.017231
0.098390
0.995828
0.003962
0.079491
0.996549
0.021637
0.998066
0.997127
0.344047
0.039959
0.988137
0.945944
0.002341
0.912155
0.291711
0.003532
0.994957
0.855606
0.004015
0.993147
0.008840
0.981603
0.943654
0.003118
0.946723
0.010588
0.003805
0.992428
0.115610
0.228378
0.998738
0.008096
0.899550
0.900450
0.997905
0.997739
0.004420
0.973632
0.016868
0.001773
0.021707
0.003589
0.807522
0.001234
0.997703
0.920219
0.001937
0.007550
0.979282
0.015491
0.275776
0.029664
0.999467
0.762722
0.221821
0.987966
0.011808
0.010207
0.367236
0.999225
0.075903
0.222262
0.681317
0.958263
0.025006
0.030449
0.998238
0.004945
0.983879
0.945909
0.004642
0.903201
0.126192
0.006951
0.009067
0.005383
0.206302
0.972057
0.912206
0.998088
0.898741
0.996064
0.003841
0.004480
0.992963
0.005498
0.109040
0.002534
0.006686
0.004543
0.066944
0.059679
0.002773
0.044370
0.999394
0.005454
0.007762
0.995992
0.005693
0.323859
0.864032
0.997130
0.006205
0.010230
0.249519
0.004165
0.470682
0.009099
0.016893
0.005288
0.001810
0.999221
0.001430
0.011189
0.999075
0.835522
0.012249
0.994956
0.854017
0.800858
0.962511
0.030559
0.000933
0.159594
0.052538
0.000833
0.001527
0.944072
0.996169
0.183864
0.003705
0.083768
0.003150
0.344628
0.005895
0.991761
0.826029
0.997884
0.966750
0.001520
0.660068
0.434317
0.996250
0.008171
0.964352
0.232448
0.002622
0.009299
0.993443
0.001074
0.996480
0.991317
0.997592
0.068379
0.958461
0.998584
0.965152
0.897422
0.142477
0.947956
0.976161
0.996294
0.004519
0.928459
0.999265
0.202364
0.007303
0.994307
0.998769
0.996854
0.985951
0.013308
0.044829
0.996163
0.007233
0.998515
0.035740
0.180383
0.008851
0.999636
0.999323
0.316576
0.999077
0.999481
0.994162
0.994769
0.998722
0.004349
0.992375
0.996798
0.003821
0.008057
0.002113
0.998080
0.998671
0.561443
0.999027
0.018561
0.952508
0.991489
0.997015
0.038697
0.095338
0.989119
0.983469
0.980037
0.005211
0.998033
0.375324
0.986559
0.066684
0.046374
0.002813
0.455040
0.005283
0.017803
0.354861
0.999041
0.009118
0.092883
0.004314
0.849988
0.645335
0.003057
0.008653
0.009614
0.998391
0.998067
0.969686
0.998867
0.069588
0.206084
0.028092
0.180161
0.010343
0.001099
0.991837
0.979745
0.016563
0.424198
0.001980
0.688674
0.002023
0.893485
0.999337
0.998502
0.005346
0.001062
0.204554
0.008123
0.027348
0.998448
0.569892
0.004480
0.996221
0.999560
0.997034
0.987598
0.011270
0.990869
0.248102
0.048859
0.988788
0.170285
0.727704
0.088088
0.437528
0.010639
0.997908
0.207793
0.995800
0.715504
0.012025
0.005088
0.956290
0.998800
0.997223
0.005577
0.996064
0.992336
0.004020
0.713974
0.004093
0.010646
0.107693
0.995596
0.713335
0.662403
0.876662
0.866850
0.975074
0.811854
0.015809
0.038155
0.998370
0.516634
0.462785
0.987574
0.980995
0.996450
0.975934
0.996725
0.784460
0.042990
0.010492
0.989869
0.005080
0.290484
0.002126
0.309786
0.518973
0.162653
0.963999
0.716446
0.120154
0.994110
0.043926
0.137558
0.108390
0.973077
0.043611
0.165297
0.990008
0.448403
0.094942
0.870094
0.597675
0.904360
0.008673
0.284982
0.127920
0.996532
0.151628
0.996597
0.016035
0.072543
0.002600
0.999210
0.394275
0.777568
0.057760
0.082508
0.997510
0.987248
0.999709
0.989643
0.004702
0.003902
0.095276
0.043492
0.975667
0.999142
0.998575
0.984653
0.015637
0.983027
0.209498
0.001318
0.005883
0.003174
0.999328
0.999188
0.994525
0.998607
0.357727
0.957832
0.007103
0.960295
0.082245
0.995299
0.996646
0.040155
0.002734
0.775857
0.999637
0.057599
0.877228
0.013891
0.009860
0.083943
0.999509
0.036311
0.999508
0.061746
0.137114
0.477115
0.019058
0.818688
0.009389
0.998857
0.003244
0.081378
0.953425
0.977429
0.966576
0.995698
0.021195
0.697577
0.972971
0.003301
0.997879
0.823149
0.002558
0.998244
0.009587
0.135649
0.162268
0.990660
0.015776
0.995743
0.578650
0.521552
0.124748
0.999108
0.925952
0.961383
0.989158
0.993195
0.996616
0.002270
0.000962
0.996907
0.051805
0.965185
0.998988
0.952792
0.998044
0.999047
0.027885
0.999805
0.001619
0.002253
0.821276
0.995491
0.319576
0.432666
0.008364
0.004463
0.006736
0.990884
0.994937
0.044810
0.999530
0.993134
0.214665
0.019320
0.007019
0.003365
0.918747
0.027533
0.998053
0.977640
0.002319
0.499413
0.985952
0.286556
0.076127
0.995554
0.603193
0.997124
0.020729
0.016005
0.003611
0.094334
0.988967
0.925519
0.994903
0.012580
0.003813
0.138923
0.990948
0.023934
0.061079
0.994250
0.001666
0.928281
0.978132
0.998592
0.998901
0.882580
0.094325
0.999415
0.984473
0.696841
0.010186
0.034716
0.996261
0.002164
0.874637
0.996474
0.968754
0.205231
0.006254
0.997834
0.004616
0.970261
0.002212
0.130946
0.996965
0.002710
0.002560
0.100999
0.988472
0.995830
0.323939
0.020697
0.997806
0.725897
0.998718
0.003951
0.002146
0.027237
0.016811
0.999743
0.087268
0.001747
0.993776
0.989281
0.001512
0.996826
0.996439
0.911709
0.999223
0.001776
0.993583
0.012970
0.001608
0.016922
0.820726
0.004115
0.018116
0.024255
0.993874
0.997114
0.009694
0.021262
0.506783
0.935591
0.002400
0.033874
0.216430
0.003944
0.006018
0.012616
0.972279
0.017373
0.004072
0.958212
0.986209
0.134413
0.046752
0.986562
0.997800
0.003101
0.999330
0.001754
0.057698
0.995817
0.258751
0.008388
0.087944
0.880937
0.999490
0.125615
0.028888
0.992598
0.862358
0.999469
0.915310
0.179960
0.994779
0.999186
0.943074
0.999674
0.985266
0.041573
0.006592
0.001224
0.003995
0.950816
0.041042
0.003837
0.993437
0.020881
0.982953
0.113097
0.018636
0.997173
0.002903
0.820584
0.001988
0.001918
0.044345
0.006502
0.047532
0.077818
0.990045
0.001587
0.998469
0.998616
0.324312
0.007461
0.001661
0.986078
0.998673
0.006508
0.034531
0.086644
0.999452
0.007287
0.844301
0.514338
0.024915
0.991667
0.996425
0.001100
0.993314
0.008232
0.002920
0.998766
0.052374
0.999219
0.999141
0.991728
0.994219
0.925399
0.048455
0.055051
0.998636
0.002506
0.004112
0.984007
0.975310
0.998511
0.809396
0.750434
0.012285
0.006286
0.999127
0.889017
0.012095
0.713394
0.030855
0.013515
0.012504
0.104430
0.293309
0.096115
0.980869
0.001646
0.017489
0.995617
0.081437
0.027855
0.004438
0.002604
0.309930
0.993334
0.021340
0.053403
0.905617
0.204589
0.081002
0.996410
0.001812
0.973332
0.187411
0.077009
0.998615
0.985095
0.990982
0.003155
0.002628
0.042580
0.076965
0.004970
0.016787
0.030469
0.036854
0.002235
0.099290
0.996230
0.053040
0.878529
0.003641
0.698037
0.942993
0.984811
0.998561
0.845409
0.995924
0.039720
0.948414
0.015617
0.997240
0.993702
0.007570
0.156567
0.018935
0.426593
0.714779
0.006497
0.958532
0.290496
0.999012
0.999171
0.481389
0.124424
0.112186
0.005928
0.012680
0.017646
0.871420
0.999151
0.003092
0.488522
0.992290
0.036606
0.445452
0.746749
0.999093
0.997256
0.021318
0.026926
0.914370
0.027050
0.009140
0.181359
0.995594
0.026696
0.002697
0.029778
0.002192
0.013037
0.146302
0.013304
0.990512
0.985954
0.897700
0.981656
0.997401
0.948477
0.981629
0.260936
0.076726
0.998518
0.963717
0.001067
0.204410
0.007979
0.993822
0.016379
0.011267
0.356157
0.192206
0.997677
0.989199
0.095801
0.002339
0.008450
0.997837
0.975087
0.997490
0.007732
0.001751
0.235536
0.345174
0.772500
0.767968
0.999186
0.001823
0.015971
0.027377
0.010047
0.002433
0.002380
0.949653
0.996427
0.028175
0.080263
0.493755
0.997934
0.998956
0.003227
0.001792
0.000875
0.010526
0.987815
0.760991
0.039604
0.993488
0.994070
0.014454
0.855082
0.762949
0.005158
0.987750
0.908821
0.030694
0.013999
0.060736
0.998372
0.995376
0.004232
0.202743
0.003127
0.024518
0.014849
0.960224
0.002588
0.039732
0.012985
0.771955
0.118569
0.082521
0.083282
0.991901
0.613647
0.019030
0.004583
0.409301
0.001646
0.998266
0.974827
0.995916
0.999230
0.066306
0.249753
0.005967
0.006750
0.570724
0.824136
0.114094
0.005806
0.431068
0.003662
0.229722
0.998486
0.019215
0.445002
0.002921
0.643722
0.773978
0.993518
0.003550
0.996822
0.997100
0.992158
0.083714
0.001385
0.002872
0.942715
0.998596
0.999416
0.002385
0.015990
0.572703
0.999455
0.004370
0.994230
0.004853
0.958877
0.991748
0.994231
0.001306
0.531320
0.975177
0.879135
0.011411
0.032501
0.169710
0.009881
0.998406
0.088267
0.002250
0.986436
0.033073
0.020719
0.999591
0.007130
0.124235
0.002375
0.945337
0.998755
0.735386
0.035999
0.009868
0.897756
0.997790
0.155089
0.993660
0.169010
0.002941
0.000903
0.002684
0.007734
0.003494
0.994576
0.896999
0.977006
0.118273
0.056813
0.027473
0.998556
0.016892
0.005880
0.007092
0.038322
0.333613
0.998580
0.002917
0.010928
0.991953
0.025091
0.010656
0.999127
0.359609
0.003207
0.284910
0.015465
0.000892
0.893657
0.005243
0.009062
0.985361
0.010466
0.997397
0.003027
0.975640
0.999001
0.264095
0.958819
0.989245
0.058991
0.984221
0.049389
0.500084
0.004646
0.992559
0.002554
0.005183
0.235310
0.003619
0.100815
0.008235
0.006395
0.061445
0.999163
0.005495
0.959498
0.994473
0.999378
0.332537
0.001249
0.983544
0.987324
0.989895
0.855364
0.991291
0.001640
0.011760
0.994063
0.988623
0.998270
0.996756
0.002005
0.004667
0.031909
0.014112
0.858497
0.012643
0.014451
0.162907
0.746965
0.999482
0.970683
0.002589
0.900577
0.822789
0.972640
0.005842
0.992035
0.260056
0.050295
0.001910
0.996832
0.312246
0.999576
0.001173
0.868257
0.071343
0.083223
0.997572
0.008295
0.967944
0.008801
0.025897
0.971670
0.999434
0.986085
0.051992
0.035056
0.012085
0.037486
0.014633
0.999831
0.003046
0.011103
0.992278
0.999216
0.012325
0.303216
0.052709
0.997971
0.993993
0.022558
0.062641
0.996271
0.998302
0.003657
0.599871
0.082617
0.997545
0.002093
0.990440
0.997808
0.998739
0.028356
0.007558
0.881440
0.995822
0.003351
0.190547
0.011599
0.857739
0.992264
0.914731
0.021650
0.437043
0.002628
0.002427
0.183698
0.105085
0.025780
0.832307
0.909895
0.035788
0.384272
0.998023
0.998420
0.986119
0.001230
0.999447
0.066162
0.994255
0.319220
0.993655
0.988271
0.026464
0.726075
0.001528
0.573665
0.000941
0.982630
0.001802
0.996661
0.452939
0.832789
0.997773
0.053351
0.804109
0.442830
0.997872
0.998934
0.999448
0.035075
0.005033
0.996295
0.998873
0.913063
0.004568
0.151044
0.975500
0.227939
0.157884
0.994539
0.985536
0.983967
0.992388
0.998533
0.998020
0.501311
0.002148
0.372126
0.165811
0.002717
0.754348
0.996773
0.995779
0.002885
0.999081
0.996940
0.013518
0.054809
0.068848
0.957402
0.007711
0.004510
0.989659
0.009773
0.998405
0.418667
0.999133
0.996355
0.985735
0.997732
0.004892
0.004781
0.996873
0.967501
0.029196
0.328565
0.300984
0.037543
0.986713
0.766181
0.998860
0.999382
0.011878
0.976205
0.998348
0.998531
0.243855
0.991668
0.020856
0.002799
0.006255
0.004063
0.505378
0.984753
0.014146
0.908993
0.997583
0.297647
0.034651
0.997977
0.184898
0.043283
0.999593
0.984667
0.031613
0.007668
0.014734
0.013230
0.999477
0.134672
0.999519
0.977409
0.939471
0.024694
0.997681
0.998887
0.485210
0.023510
0.985836
0.880196
0.003963
0.997498
0.995127
0.999158
0.003272
0.033874
0.001827
0.997083
0.018515
0.998427
0.998929
0.998647
0.997606
0.004060
0.990825
0.992781
0.988058
0.979622
0.160094
0.365926
0.010220
0.997067
0.998796
0.999483
0.014014
0.105062
0.982591
0.996080
0.008713
0.999375
0.002264
0.998750
0.018060
0.050171
0.888079
0.988645
0.999607
0.998743
0.015227
0.999554
0.999510
0.899353
0.874132
0.975838
0.987149
0.201957
0.988526
0.009136
0.999564
0.020774
0.019779
0.965902
0.001962
0.927650
0.002589
0.112971
0.995967
0.002663
0.010267
0.001880
0.969511
0.165549
0.007219
0.994029
0.481032
0.109669
0.999712
0.997397
0.991013
0.654580
0.061334
0.088166
0.998040
0.995847
0.001512
0.009804
0.421153
0.008122
0.001379
0.994208
0.998203
0.186757
0.018493
0.004980
0.003314
0.995716
0.028305
0.001069
0.313338
0.052581
0.011472
0.005328
0.991671
0.997354
0.397197
0.918805
0.994578
0.452405
0.375213
0.994221
0.190759
0.997870
0.026784
0.001160
0.458151
0.672016
0.987736
0.998904
0.999126
0.118342
0.081957
0.998963
0.994878
0.102712
0.064483
0.031382
0.932259
0.098713
0.012580
0.993247
0.987365
0.980072
0.991247
0.001292
0.990696
0.002026
0.914425
0.090379
0.046292
0.976239
0.017023
0.988500
0.019194
0.027638
0.300861
0.493526
0.040955
0.014586
0.000407
0.998547
0.350068
0.998546
0.043135
0.055527
0.003116
0.996837
0.159009
0.003813
0.004727
0.986998
0.988409
0.999265
0.997921
0.773990
0.136727
0.003416
0.983850
0.981987
0.031604
0.028595
0.036421
0.945812
0.001775
0.008331
0.001892
0.004376
0.009811
0.008168
0.522857
0.001334
0.814442
0.460901
0.979072
0.115790
0.517320
0.973124
0.004812
0.968788
0.002725
0.997641
0.076590
0.916558
0.956417
0.005835
0.264866
0.002735
0.999124
0.996869
0.021447
0.997303
0.789933
0.138687
0.981124
0.402632
0.002340
0.830368
0.995086
0.226740
0.275901
0.997994
0.012530
0.999317
0.998060
0.982871
0.300960
0.025228
0.023369
0.023355
0.998657
0.008310
0.105624
0.004003
0.721151
0.595270
0.929333
0.924769
0.995044
0.014732
0.300925
0.532376
0.036102
0.993108
0.868162
0.002032
0.006593
0.001730
0.943935
0.805029
0.032914
0.880469
0.999263
0.958020
0.992466
0.046343
0.148882
0.859502
0.004178
0.003371
0.999174
0.040611
0.018966
0.003699
0.004346
0.766274
0.085796
0.179610
0.613009
0.999172
0.996749
0.998466
0.001571
0.067092
0.037246
0.005805
0.714964
0.047407
0.998383
0.997515
0.045420
0.203461
0.976717
0.865156
0.906310
0.024020
0.004364
0.968506
0.002494
0.998539
0.031779
0.967094
0.052352
0.963037
0.955843
0.032188
0.009274
0.009004
0.974797
0.109741
0.996925
0.994932
0.998643
0.048355
0.966239
0.997728
0.995095
0.003251
0.012750
0.908841
0.947989
0.394386
0.999018
0.948964
0.004919
0.001238
0.002477
0.029499
0.999739
0.014163
0.030751
0.020849
0.004026
0.998348
0.005090
0.005241
0.999549
0.005756
0.528896
0.179927
0.012935
0.002121
0.929415
0.990522
0.004270
0.008869
0.177499
0.007411
0.050618
0.028522
0.014964
0.010861
0.027662
0.011861
0.710999
0.017288
0.003156
0.015167
0.521065
0.004565
0.056702
0.001472
0.524701
0.997824
0.870950
0.981491
0.996469
0.477301
0.321204
0.024354
0.002418
0.659968
0.995932
0.003507
0.996754
0.009102
0.166814
0.164566
0.132708
0.994598
0.025457
0.077211
0.967962
0.461654
0.976809
0.005121
0.809761
0.997398
0.991858
0.991537
0.106428
0.945370
0.024278
0.009386
0.364412
0.004835
0.004971
0.968374
0.028382
0.771858
0.921488
0.023479
0.132132
0.003853
0.226419
0.006644
0.173699
0.995030
0.001999
0.997083
0.005993
0.990096
0.007079
0.004251
0.922554
0.126722
0.941189
0.068490
0.007320
0.094684
0.923753
0.106014
0.809767
0.997515
0.009080
0.002876
0.442440
0.998456
0.004928
0.000601
0.984010
0.503329
0.937933
0.010449
0.285508
0.005225
0.010554
0.001443
0.032905
0.015521
0.998427
0.999629
0.072447
0.995985
0.990916
0.998428
0.002020
0.027987
0.998059
0.003218
0.493330
0.563945
0.999120
0.004212
0.341744
0.586299
0.186213
0.991263
0.835034
0.991303
0.646149
0.998743
0.000777
0.045928
0.002531
0.283461
0.014342
0.002877
0.310034
0.877294
0.006450
0.986729
0.004326
0.572643
0.069088
0.008571
0.899637
0.040632
0.894916
0.014431
0.037145
0.994732
0.625408
0.005962
0.998830
0.994408
0.398333
0.000931
0.998878
0.991165
0.982776
0.003009
0.991500
0.005208
0.999718
0.938728
0.058611
0.990309
0.003103
0.996237
0.040925
0.002160
0.977114
0.965909
0.005786
0.274119
0.011440
0.006627
0.995050
0.003040
0.002946
0.999676
0.157155
0.997027
0.998765
0.992597
0.730433
0.039483
0.002318
0.031546
0.076109
0.992392
0.992043
0.999605
0.637102
0.997697
0.073257
0.046542
0.024938
0.999349
0.999057
0.009984
0.999126
0.999673
0.805277
0.009261
0.938391
0.931031
0.142017
0.005309
0.004037
0.003540
0.002738
0.739661
0.314988
0.934181
0.015923
0.031970
0.008324
0.024344
0.998389
0.996414
0.005286
0.000405
0.718304
0.997212
0.010624
0.213161
0.986444
0.009484
0.203610
0.418216
0.597646
0.005994
0.988406
0.999484
0.998554
0.171334
0.477550
0.925478
0.237428
0.993733
0.002795
0.058502
0.001193
0.982791
0.378333
0.003366
0.466826
0.870360
0.246319
0.002336
0.908577
0.002729
0.001935
0.008317
0.878941
0.997622
0.011546
0.051852
0.150567
0.995090
0.000968
0.003504
0.004668
0.856503
0.987006
0.997138
0.662898
0.005656
0.007398
0.025937
0.998019
0.005022
0.992849
0.001066
0.819790
0.885135
0.925196
0.004192
0.993196
0.074748
0.998334
0.999088
0.007781
0.004664
0.003307
0.991632
0.999225
0.940847
0.285436
0.999341
0.854399
0.992953
0.977394
0.988598
0.002873
0.003349
0.979675
0.048915
0.529105
0.005005
0.998659
0.000787
0.991383
0.994912
0.117018
0.387753
0.218760
0.039682
0.985570
0.989737
0.988121
0.991032
0.978193
0.996004
0.980314
0.554943
0.002596
0.996476
0.998910
0.934700
0.983406
0.001079
0.382815
0.090730
0.004173
0.444062
0.978562
0.999289
0.145081
0.001414
0.237925
0.003179
0.991096
0.854150
0.008160
0.742081
0.593639
0.976691
0.032006
0.994767
0.007008
0.002226
0.974174
0.618896
0.622439
0.974968
0.994795
0.008794
0.027376
0.999638
0.982212
0.001217
0.106321
0.016445
0.959740
0.011767
0.014046
0.969627
0.241551
0.900354
0.006189
0.156190
0.885970
0.987538
0.766155
0.998857
0.004205
0.968165
0.987514
0.724275
0.006155
0.586328
0.048121
0.032113
0.955419
0.580273
0.456115
0.001322
0.019330
0.089306
0.009451
0.935732
0.970447
0.015431
0.999829
0.002386
0.996473
0.036382
0.349663
0.986477
0.998607
0.042232
0.002182
0.190807
0.002368
0.099455
0.936581
0.999393
0.001898
0.004644
0.062311
0.049734
0.541006
0.848017
0.012575
0.999340
0.800390
0.070391
0.998215
0.998877
0.997335
0.965595
0.004287
0.050962
0.007282
0.003056
0.034929
0.018743
0.997048
0.458579
0.993059
0.993678
0.002062
0.807298
0.001569
0.011025
0.327560
0.055941
0.030683
0.996953
0.996370
0.993026
0.007357
0.004919
0.995204
0.976929
0.866113
0.342257
0.997703
0.018089
0.995539
0.913923
0.117288
0.138437
0.308244
0.916066
0.864239
0.989375
0.995707
0.999323
0.027227
0.991339
0.001768
0.001510
0.999242
0.004203
0.004279
0.004409
0.992570
0.005056
0.055606
0.595584
0.999603
0.059847
0.897019
0.025857
0.007459
0.251726
0.019456
0.210744
0.240228
0.998843
0.174576
0.014108
0.049283
0.002112
0.993606
0.389076
0.973948
0.020932
0.001893
0.686768
0.003625
0.996340
0.006188
0.911639
0.018874
0.068669
0.841828
0.003101
0.906081
0.001855
0.020412
0.981570
0.995441
0.998056
0.987435
0.001559
0.001591
0.976533
0.985438
0.999371
0.995382
0.603483
0.018909
0.997191
0.001187
0.999519
0.995904
0.007600
0.009043
0.999652
0.721600
0.997597
0.957543
0.999528
0.002061
0.451780
0.001024
0.002635
0.975744
0.110199
0.062998
0.011623
0.286035
0.714995
0.106252
0.994197
0.985532
0.996121
0.301124
0.998104
0.952191
0.042757
0.012488
0.999356
0.053597
0.049653
0.005148
0.900399
0.998569
0.941226
0.003523
0.714668
0.753748
0.791238
0.999660
0.992011
0.002010
0.137531
0.000700
0.919933
0.113450
0.006627
0.011914
0.612416
0.002135
0.996112
0.286172
0.992236
0.002881
0.003758
0.970230
0.038688
0.998979
0.003637
0.994091
0.988658
0.998377
0.259843
0.002301
0.925854
0.997253
0.002583
0.035681
0.998374
0.001537
0.987510
0.560190
0.014835
0.177398
0.200333
0.031913
0.011526
0.045791
0.994528
0.003059
0.036875
0.999529
0.002263
0.313662
0.002236
0.997549
0.993916
0.013578
0.999428
0.460295
0.014747
0.998089
0.993003
0.178454
0.997213
0.019815
0.010021
0.038038
0.987162
0.022867
0.991232
0.998761
0.001855
0.978229
0.963377
0.080085
0.995670
0.002022
0.051978
0.997435
0.002582
0.002299
0.003927
0.013816
0.973361
0.999609
0.371323
0.132738
0.764122
0.072086
0.003878
0.982768
0.222491
0.001248
0.007736
0.010646
0.002216
0.984723
0.274514
0.397427
0.005365
0.999059
0.997971
0.995669
0.998509
0.998246
0.827424
0.022421
0.045395
0.999012
0.002043
0.173220
0.010491
0.982367
0.002166
0.998018
0.996167
0.002143
0.973610
0.009155
0.056146
0.001861
0.999557
0.981809
0.937261
0.016950
0.014859
0.007308
0.444291
0.225562
0.996575
0.832129
0.833225
0.996683
0.000861
0.004605
0.008058
0.747591
0.021330
0.004778
0.007982
0.007934
0.284136
0.982937
0.198318
0.003790
0.036675
0.999362
0.990117
0.025028
0.099433
0.998415
0.998101
0.942477
0.006179
0.070727
0.945902
0.942597
0.897931
0.998113
0.773724
0.996077
0.002631
0.024088
0.477384
0.961097
0.805369
0.098217
0.002718
0.121411
0.066059
0.119424
0.027124
0.955125
0.935616
0.004855
0.931311
0.030922
0.003969
0.996071
0.958428
0.984979
0.012662
0.003447
0.028406
0.295008
0.007257
0.188049
0.001546
0.663615
0.009580
0.003522
0.998294
0.987525
0.012918
0.002150
0.001684
0.002187
0.995284
0.992106
0.966628
0.002108
0.282640
0.054234
0.997052
0.893696
0.987427
0.000705
0.992591
0.999099
0.998602
0.001543
0.956279
0.003606
0.982385
0.990771
0.002922
0.003451
0.997931
0.924387
0.004377
0.138955
0.006569
0.018218
0.008948
0.378046
0.998339
0.784099
0.998072
0.967968
0.998518
0.999400
0.492690
0.992046
0.617359
0.569883
0.016386
0.002451
0.619423
0.874133
0.974947
0.279698
0.166328
0.048556
0.973206
0.012370
0.002656
0.982974
0.989768
0.454325
0.745137
0.809290
0.022695
0.194904
0.502519
0.994250
0.001856
0.277992
0.998496
0.189428
0.998019
0.995198
0.970854
0.977902
0.005254
0.141761
0.999229
0.998672
0.994148
0.933844
0.900450
0.016137
0.994416
0.060940
0.005541
0.002556
0.001767
0.999462
0.003095
0.065530
0.023941
0.004892
0.996802
0.995331
0.001016
0.101056
0.007546
0.991719
0.936051
0.915682
0.994525
0.972541
0.145758
0.004795
0.439683
0.999748
0.965679
0.993074
0.004522
0.999739
0.999715
0.010528
0.094827
0.140939
0.008570
0.813849
0.998368
0.981187
0.795780
0.100813
0.988269
0.017165
0.964504
0.004634
0.003379
0.087005
0.005671
0.004471
0.986631
0.000761
0.004570
0.971457
0.999185
0.082619
0.438319
0.000791
0.040929
0.154628
0.003349
0.995616
0.999692
0.011803
0.997484
0.011141
0.058929
0.769736
0.003420
0.025257
0.259178
0.965080
0.998081
0.541405
0.974474
0.001919
0.759031
0.946494
0.001892
0.001297
0.998729
0.727560
0.030999
0.797639
0.985267
0.077245
0.914013
0.983190
0.003842
0.213567
0.938573
0.068482
0.986264
0.915185
0.299734
0.988603
0.008019
0.985149
0.847534
0.998794
0.832247
0.999732
0.009359
0.009554
0.004219
0.003277
0.801712
0.231652
0.954896
0.839341
0.504844
0.513487
0.001066
0.996353
0.692402
0.904516
0.986586
0.002231
0.035449
0.009279
0.151189
0.054815
0.003019
0.081357
0.953048
0.002114
0.997570
0.984121
0.232758
0.997782
0.023474
0.999508
0.999178
0.032640
0.973577
0.995979
0.983453
0.982103
0.028917
0.881136
0.872754
0.993742
0.913792
0.027900
0.973460
0.060098
0.010457
0.156814
0.037785
0.141956
0.250594
0.026047
0.001660
0.997346
0.566631
0.999310
0.451150
0.007715
0.684241
0.998542
0.998813
0.077555
0.061514
0.999111
0.912671
0.956455
0.070413
0.998101
0.099844
0.047290
0.034947
0.924232
0.992794
0.700661
0.987449
0.993798
0.011096
0.176529
0.213111
0.157577
0.998857
0.907777
0.976154
0.984160
0.996630
0.030917
0.997270
0.271357
0.005091
0.375232
0.906028
0.020754
0.999302
0.996955
0.998933
0.987045
0.465807
0.004807
0.272069
0.998394
0.998110
0.831732
0.845554
0.996294
0.964903
0.040804
0.026432
0.001566
0.004021
0.001241
0.007956
0.996557
0.007637
0.006693
0.997493
0.988822
0.039283
0.995764
0.009182
0.980361
0.143473
0.567050
0.774688
0.994430
0.255403
0.019653
0.095095
0.001253
0.004749
0.009964
0.946330
0.009837
0.923109
0.486108
0.019245
0.973265
0.003027
0.007823
0.975063
0.996204
0.002152
0.995064
0.122398
0.006272
0.002499
0.989502
0.000917
0.697474
0.021373
0.199720
0.593200
0.352607
0.999281
0.924996
0.992435
0.011787
0.026164
0.179596
0.997555
0.997313
0.991692
0.607996
0.984209
0.999121
0.001741
0.832930
0.758675
0.253027
0.979044
0.003823
0.014501
0.747274
0.994670
0.004223
0.004037
0.937530
0.991796
0.995552
0.695738
0.003020
0.006646
0.998721
0.004085
0.787573
0.037055
0.990971
0.999197
0.014571
0.667990
0.976084
0.997097
0.997239
0.701285
0.011930
0.969157
0.018023
0.971870
0.011399
0.005902
0.993618
0.009364
0.999326
0.245877
0.970439
0.999513
0.012886
0.998305
0.163017
0.998458
0.744708
0.998392
0.008713
0.998731
0.199189
0.985263
0.983275
0.756793
0.037104
0.995698
0.026732
0.991745
0.000444
0.057304
0.392954
0.996570
0.717671
0.114316
0.997806
0.993948
0.002479
0.591674
0.999395
0.002503
0.109436
0.999150
0.483000
0.999336
0.006878
0.005985
0.122935
0.993359
0.008062
0.007591
0.002521
0.014855
0.320427
0.996592
0.047579
0.997759
0.004380
0.147295
0.002824
0.987995
0.003123
0.095150
0.768245
0.917117
0.033453
0.982293
0.994745
0.004834
0.975644
0.074749
0.908347
0.468889
0.144379
0.999588
0.007457
0.990030
0.701244
0.002411
0.998065
0.843898
0.999459
0.013613
0.981601
0.802175
0.365019
0.001874
0.987936
0.999629
0.993407
0.910062
0.010050
0.064384
0.033159
0.015606
0.997500
0.533555
0.548211
0.468435
0.001261
0.005210
0.235950
0.840414
0.999372
0.833496
0.879582
0.858500
0.002417
0.985206
0.001400
0.158902
0.992339
0.001193
0.002163
0.951461
0.001807
0.004071
0.997175
0.998963
0.994038
0.998687
0.376926
0.989381
0.066955
0.004451
0.312153
0.007754
0.972474
0.985188
0.989572
0.984571
0.007724
0.001393
0.768591
0.010949
0.936537
0.961320
0.279262
0.996033
0.139079
0.048965
0.002703
0.008217
0.103926
0.013370
0.011418
0.996921
0.429053
0.994127
0.005406
0.899456
0.998594
0.999621
0.996726
0.161198
0.003536
0.004790
0.997848
0.001430
0.994196
0.025784
0.024004
0.957921
0.249559
0.992487
0.985818
0.208345
0.993198
0.007259
0.982589
0.689408
0.996040
0.963525
0.018625
0.011422
0.999303
0.993903
0.015361
0.994225
0.078558
0.100100
0.959082
0.912235
0.005046
0.998213
0.176876
0.999627
0.999207
0.123756
0.938663
0.382235
0.970054
0.999496
0.982485
0.426242
0.253904
0.997975
0.005293
0.060989
0.994536
0.091729
0.999557
0.998373
0.635678
0.987968
0.024646
0.006330
0.261607
0.007546
0.997147
0.998576
0.992740
0.997763
0.949481
0.002416
0.988218
0.003517
0.997285
0.998355
0.003719
0.094590
0.996747
0.996326
0.389257
0.996655
0.997361
0.979173
0.996101
0.999551
0.009594
0.001603
0.528646
0.012712
0.992502
0.340908
0.994597
0.705692
0.995943
0.002338
0.996117
0.990566
0.983312
0.156123
0.016338
0.997680
0.003588
0.003682
0.014529
0.564643
0.002495
0.123244
0.004303
0.086197
0.005433
0.006466
0.978424
0.999280
0.998574
0.011762
0.579516
0.031168
0.016596
0.995742
0.999522
0.005499
0.984859
0.592371
0.257228
0.292800
0.014101
0.002953
0.002524
0.991287
0.995143
0.260986
0.235537
0.919484
0.996380
0.994515
0.061981
0.999871
0.932444
0.507587
0.249893
0.006552
0.011563
0.980046
0.004140
0.995296
0.006426
0.004782
0.975136
0.029050
0.998311
0.004181
0.998594
0.049266
0.274185
0.004891
0.972394
0.973141
0.723105
0.980643
0.999115
0.004760
0.005341
0.998836
0.993686
0.007794
0.998151
0.076641
0.999580
0.996707
0.001688
0.991621
0.988981
0.022107
0.989785
0.013476
0.025368
0.063815
0.000957
0.997271
0.002914
0.007083
0.005203
0.046858
0.970065
0.763511
0.202066
0.002332
0.946582
0.998438
0.996899
0.924897
0.280171
0.998611
0.289922
0.744022
0.039639
0.996424
0.540726
0.003255
0.682490
0.008408
0.994463
0.952898
0.044267
0.053701
0.312283
0.999398
0.004958
0.948029
0.024451
0.002134
0.907320
0.090376
0.991970
0.035784
0.010669
0.985911
0.998335
0.035081
0.998239
0.999100
0.003529
0.087739
0.007314
0.009753
0.015069
0.002982
0.032035
0.995729
0.995376
0.997039
0.999033
0.996662
0.003394
0.010901
0.998555
0.129858
0.008307
0.995077
0.996123
0.996852
0.834205
0.997703
0.004738
0.011728
0.998892
0.957905
0.056754
0.994924
0.992792
0.009949
0.864910
0.051793
0.002450
0.814222
0.504884
0.992557
0.983056
0.001982
0.279567
0.005077
0.995258
0.542875
0.999121
0.016275
0.999138
0.999556
0.474444
0.998456
0.002466
0.883990
0.497099
0.977270
0.994452
0.997255
0.996078
0.088779
0.937143
0.005061
0.003689
0.002754
0.113227
0.440810
0.007127
0.044495
0.188263
0.001281
0.003490
0.000598
0.997813
0.488186
0.959270
0.999270
0.439197
0.004342
0.999676
0.001484
0.837698
0.998567
0.999227
0.155941
0.483113
0.711204
0.324983
0.977861
0.377778
0.001509
0.203533
0.959549
0.091690
0.976215
0.007923
0.996803
0.722847
0.008459
0.976435
0.998456
0.003968
0.001829
0.034241
0.996933
0.996675
0.983622
0.001330
0.004210
0.998827
0.008682
0.060485
0.990211
0.985524
0.180059
0.999336
0.055047
0.971319
0.004177
0.996629
0.019200
0.009653
0.947451
0.001673
0.977870
0.009858
0.005049
0.088011
0.999548
0.005922
0.004311
0.003980
0.004323
0.986738
0.987743
0.972140
0.845770
0.045433
0.023184
0.808868
0.692340
0.157921
0.369685
0.028682
0.980482
0.020524
0.997387
0.998809
0.091732
0.510001
0.998629
0.000852
0.991019
0.004271
0.001523
0.993615
0.987224
0.991800
0.969707
0.004885
0.151917
0.924254
0.030777
0.914906
0.999553
0.002885
0.005237
0.002277
0.989374
0.953112
0.372088
0.040310
0.142812
0.004962
0.002327
0.850806
0.928334
0.972864
0.003700
0.001526
0.009008
0.671582
0.992424
0.007085
0.024674
0.003722
0.002225
0.004097
0.998524
0.016109
0.997309
0.001209
0.035830
0.019795
0.926616
0.077945
0.983639
0.974589
0.971435
0.003228
0.423292
0.313861
0.998730
0.397265
0.978788
0.168639
0.025125
0.992767
0.937679
0.002152
0.998640
0.001295
0.005632
0.032444
0.998682
0.004140
0.302448
0.007082
0.055235
0.992060
0.991317
0.091822
0.044229
0.991698
0.865910
0.181556
0.997361
0.043510
0.005712
0.006013
0.776900
0.994443
0.013525
0.005402
0.674743
0.999526
0.993806
0.330144
0.789831
0.991557
0.986796
0.862298
0.533478
0.003714
0.959753
0.099740
0.992761
0.000788
0.863227
0.955213
0.998260
0.002620
0.998469
0.991110
0.018198
0.489357
0.301999
0.932230
0.986264
0.999099
0.015100
0.992180
0.877147
0.002268
0.012801
0.997326
0.979942
0.073416
0.002901
0.015033
0.003233
0.997684
0.221502
0.003873
0.892904
0.995641
0.012492
0.892650
0.953203
0.017181
0.608994
0.001197
0.087676
0.996287
0.999519
0.189991
0.999197
0.533453
0.317996
0.899933
0.954025
0.787260
0.508134
0.951056
0.987135
0.865983
0.016801
0.718543
0.002186
0.233241
0.818665
0.135278
0.999381
0.006547
0.998991
0.125191
0.010313
0.042454
0.805842
0.384727
0.202393
0.995869
0.840491
0.995464
0.001006
0.058476
0.999240
0.999811
0.062608
0.982439
0.018864
0.059933
0.993187
0.011571
0.004015
0.031959
0.998501
0.003509
0.002163
0.981195
0.002307
0.007887
0.995008
0.934267
0.000829
0.004139
0.503320
0.996117
0.988379
0.040448
0.993747
0.016226
0.015491
0.994321
0.001921
0.160886
0.998988
0.992753
0.985615
0.998462
0.651933
0.993273
0.020080
0.003904
0.934363
0.314701
0.004491
0.977797
0.998918
0.995480
0.002379
0.223740
0.998601
0.011354
0.980713
0.050778
0.061113
0.929485
0.030622
0.023514
0.214254
0.999616
0.006395
0.993275
0.003073
0.946740
0.000557
0.014090
0.001822
0.724876
0.008521
0.986409
0.975128
0.003115
0.007859
0.011759
0.542533
0.997726
0.608243
0.437591
0.957940
0.921181
0.981015
0.997128
0.997317
0.005012
0.001798
0.993199
0.994577
0.938164
0.277782
0.048641
0.003886
0.966551
0.002551
0.003371
0.998825
0.991121
0.996444
0.004525
0.001440
0.976193
0.999298
0.992117
0.963494
0.458874
0.401766
0.002709
0.003593
0.998565
0.121011
0.015471
0.998646
0.176108
0.002112
0.001508
0.106261
0.008038
0.273849
0.999271
0.008911
0.979535
0.968605
0.011614
0.001062
0.480621
0.006136
0.528878
0.990030
0.167923
0.004525
0.706155
0.998335
0.984398
0.002754
0.010139
0.634476
0.003279
0.002113
0.955423
0.997410
0.961577
0.995354
0.992702
0.997061
0.290155
0.988943
0.929094
0.958764
0.983486
0.167754
0.990866
0.789617
0.999323
0.000610
0.914787
0.985553
0.075793
0.989576
0.002378
0.080432
0.924733
0.996077
0.834664
0.197726
0.816171
0.157105
0.563453
0.834807
0.050846
0.114793
0.003859
0.004675
0.998301
0.246773
0.999365
0.019763
0.313032
0.000935
0.004407
0.005273
0.117960
0.002372
0.004492
0.996730
0.980603
0.837211
0.998954
0.001196
0.996991
0.005249
0.992353
0.006637
0.001566
0.005421
0.003962
0.999352
0.806835
0.986408
0.010944
0.002504
0.234927
0.006349
0.082162
0.948174
0.995751
0.014467
0.991869
0.841854
0.004149
0.994568
0.005815
0.754651
0.998616
0.005052
0.006961
0.987786
0.999223
0.994863
0.010335
0.970634
0.797272
0.440186
0.046474
0.994665
0.998766
0.988219
0.989406
0.285779
0.142688
0.025664
0.971193
0.011152
0.002501
0.447365
0.995871
0.996491
0.976293
0.995765
0.057911
0.853152
0.989206
0.994397
0.004157
0.998420
0.006398
0.893315
0.057577
0.308839
0.998852
0.226167
0.417710
0.002150
0.351469
0.991325
0.006430
0.007490
0.007736
0.000915
0.002291
0.999349
0.998970
0.082604
0.452392
0.004968
0.007871
0.004894
0.002531
0.007585
0.010609
0.990640
0.883995
0.983895
0.414340
0.001385
0.931244
0.994254
0.723347
0.002710
0.341357
0.999686
0.022745
0.917805
0.652592
0.001129
0.997070
0.971188
0.987854
0.551927
0.978317
0.983254
0.302530
0.074479
0.004139
0.122270
0.020752
0.003612
0.993988
0.010806
0.974248
0.005094
0.042186
0.999221
0.002048
0.998682
0.099768
0.997201
0.281691
0.109686
0.004933
0.987374
0.018066
0.991948
0.006876
0.002320
0.004680
0.237834
0.998996
0.989786
0.011083
0.001609
0.999359
0.941867
0.999554
0.508713
0.028606
0.006136
0.999609
0.854950
0.003299
0.797407
0.001297
0.995933
0.945121
0.547196
0.952284
0.998944
0.995675
0.017785
0.998134
0.013465
0.006687
0.009624
0.211734
0.996427
0.977248
0.438926
0.075444
0.002340
0.924308
0.945950
0.023467
0.999180
0.958999
0.002182
0.999076
0.010453
0.988135
0.983245
0.961211
0.001122
0.677657
0.015165
0.014522
0.007090
0.060042
0.001620
0.729050
0.814164
0.004221
0.022224
0.999807
0.020965
0.995077
0.012364
0.279970
0.013720
0.004439
0.015066
0.699744
0.992256
0.984977
0.028701
0.726775
0.132219
0.034145
0.029128
0.002881
0.997813
0.003431
0.996444
0.010773
0.018532
0.993048
0.973063
0.002265
0.996428
0.997622
0.244877
0.003925
0.025812
0.846838
0.003119
0.015382
0.004835
0.008793
0.956565
0.791470
0.018346
0.091457
0.000685
0.999136
0.961408
0.995232
0.846186
0.500388
0.004109
0.120953
0.712308
0.480230
0.001941
0.908733
0.031012
0.999182
0.999782
0.067429
0.034276
0.997962
0.013065
0.003613
0.742983
0.983517
0.965665
0.998776
0.083105
0.001035
0.004189
0.995929
0.060241
0.000937
0.990281
0.038577
0.008838
0.015981
0.052609
0.000843
0.993741
0.002637
0.994103
0.004673
0.045200
0.476148
0.967858
0.997644
0.999221
0.749699
0.997467
0.999570
0.003563
0.008715
0.932470
0.996577
0.998611
0.986061
0.999253
0.043834
0.015188
0.023914
0.989255
0.012358
0.904273
0.003846
0.536047
0.990653
0.009234
0.996695
0.998665
0.791714
0.003046
0.996309
0.166468
0.993086
0.988727
0.999025
0.021846
0.001255
0.989230
0.998368
0.002254
0.499070
0.091072
0.003352
0.160253
0.000708
0.022429
0.693254
0.954429
0.021118
0.009891
0.024484
0.989294
0.997197
0.284284
0.039970
0.993462
0.999111
0.871559
0.004081
0.990088
0.028132
0.951944
0.437102
0.996020
0.859139
0.004110
0.077978
0.997416
0.216716
0.995280
0.078110
0.997308
0.971147
0.990684
0.284120
0.071459
0.002852
0.044551
0.480030
0.002406
0.999526
0.987008
0.379612
0.996853
0.950554
0.957969
0.014183
0.985294
0.904416
0.740849
0.008529
0.984818
0.018702
0.998784
0.500658
0.016113
0.998053
0.006808
0.992216
0.111693
0.078818
0.853992
0.983991
0.849932
0.006865
0.095222
0.059708
0.007249
0.998389
0.997574
0.993382
0.007258
0.027953
0.672149
0.195330
0.996901
0.001431
0.001328
0.970332
0.858758
0.870301
0.007252
0.942699
0.994367
0.159700
0.120076
0.653114
0.027705
0.958606
0.997741
0.647139
0.038344
0.938417
0.039464
0.998835
0.009530
0.918543
0.994120
0.108959
0.959457
0.011667
0.011647
0.998141
0.994697
0.024671
0.964288
0.998059
0.992877
0.002852
0.995967
0.009610
0.002818
0.224232
0.998639
0.999668
0.704601
0.008894
0.176277
0.031545
0.002342
0.988049
0.152489
0.983969
0.152712
0.002535
0.163332
0.991572
0.993543
0.810670
0.025506
0.004782
0.989675
0.999590
0.067149
0.010121
0.001101
0.370070
0.997781
0.001944
0.997320
0.826928
0.020313
0.004456
0.005142
0.018498
0.997186
0.999396
0.159871
0.003617
0.996740
0.999079
0.012267
0.251529
0.999465
0.017444
0.984107
0.005090
0.001284
0.003217
0.994503
0.016412
0.015019
0.021095
0.669340
0.998391
0.988344
0.046597
0.004876
0.063459
0.011469
0.012429
0.994258
0.986661
0.022839
0.982338
0.001905
0.001600
0.998527
0.003426
0.085117
0.745231
0.410137
0.006557
0.003479
0.002901
0.994720
0.005484
0.006416
0.895780
0.294481
0.979145
0.989747
0.140584
0.031662
0.008758
0.241489
0.998543
0.006285
0.851731
0.998808
0.776529
0.947076
0.032884
0.999504
0.352051
0.004005
0.059844
0.099550
0.823569
0.005427
0.999364
0.001771
0.002424
0.072749
0.294570
0.021862
0.751966
0.992475
0.019864
0.777819
0.870544
0.998788
0.997814
0.821963
0.056581
0.976303
0.007086
0.063151
0.018874
0.508360
0.019612
0.559740
0.050216
0.001400
0.997159
0.248198
0.995155
0.263684
0.011534
0.999642
0.014799
0.003102
0.004773
0.999190
0.996756
0.997171
0.958250
0.267730
0.005414
0.001771
0.011133
0.997110
0.007647
0.032188
0.999754
0.998777
0.998279
0.032157
0.024149
0.988118
0.955474
0.999623
0.998911
0.001624
0.013993
0.999302
0.001131
0.981798
0.003226
0.004986
0.003080
0.938579
0.022525
0.003383
0.020908
0.000951
0.001608
0.206501
0.992848
0.992674
0.997524
0.073016
0.004339
0.791298
0.147127
0.007957
0.997754
0.995398
0.982084
0.034316
0.996373
0.889838
0.995810
0.059603
0.999429
0.999516
0.965732
0.400668
0.016115
0.005319
0.095212
0.951508
0.009358
0.009085
0.003015
0.995618
0.995396
0.982240
0.996586
0.080408
0.166918
0.967290
0.016601
0.966646
0.002627
0.123552
0.874467
0.995236
0.998639
0.000719
0.998868
0.034140
0.482802
0.011452
0.998524
0.004949
0.001859
0.052864
0.002226
0.989710
0.560415
0.024375
0.427957
0.991715
0.985381
0.263224
0.961737
0.012752
0.993188
0.096911
0.671408
0.086634
0.004508
0.017130
0.051173
0.999627
0.011436
0.992004
0.991943
0.987586
0.051858
0.999197
0.110468
0.001611
0.989119
0.817004
0.974939
0.940937
0.977906
0.990415
0.366495
0.856151
0.002112
0.021459
0.035852
0.990183
0.043148
0.075187
0.010159
0.994717
0.996410
0.003724
0.020876
0.934921
0.045130
0.979049
0.994368
0.007799
0.000887
0.006383
0.250712
0.962095
0.049350
0.995946
0.025447
0.010989
0.885592
0.995761
0.004426
0.998995
0.195419
0.996983
0.010328
0.720456
0.998135
0.997519
0.002045
0.973874
0.020079
0.955557
0.996030
0.965669
0.920818
0.910160
0.892814
0.989023
0.001204
0.996450
0.018617
0.846599
0.943887
0.004392
0.932421
0.994597
0.003816
0.002624
0.002065
0.009901
0.009518
0.335062
0.999611
0.989583
0.072087
0.005313
0.998277
0.005278
0.995109
0.997921
0.990340
0.998486
0.998501
0.990739
0.997180
0.988917
0.999305
0.989951
0.007370
0.773140
0.995543
0.998907
0.154363
0.014820
0.794033
0.011765
0.031168
0.014955
0.004804
0.625184
0.064757
0.007811
0.805335
0.003885
0.003447
0.026890
0.110102
0.021503
0.124693
0.999730
0.005051
0.003003
0.998423
0.998094
0.925337
0.013937
0.997629
0.992709
0.004930
0.923551
0.013236
0.981335
0.230065
0.052156
0.069849
0.009282
0.997630
0.931256
0.015344
0.041509
0.997982
0.995466
0.984792
0.007531
0.998960
0.137201
0.855860
0.724623
0.063650
0.017489
0.975703
0.062475
0.981921
0.039999
0.001550
0.995697
0.984987
0.676895
0.002198
0.639854
0.009192
0.039001
0.005531
0.120463
0.047043
0.998499
0.970492
0.008417
0.989702
0.008905
0.010121
0.996739
0.999404
0.736704
0.999440
0.995928
0.006927
0.072102
0.004977
0.003746
0.000577
0.996166
0.994230
0.023608
0.412123
0.995456
0.886909
0.970170
0.988969
0.990139
0.191001
0.981825
0.888682
0.997116
0.000867
0.004676
0.229326
0.998918
0.009123
0.991912
0.962145
0.918196
0.998512
0.949686
0.008169
0.996246
0.006366
0.007208
0.997661
0.999577
0.656181
0.994578
0.576167
0.019093
0.982690
0.088818
0.581476
0.992535
0.004583
0.647240
0.999158
0.986668
0.583816
0.003808
0.578696
0.532764
0.420335
0.107051
0.024776
0.020609
0.998654
0.054826
0.282680
0.911186
0.988395
0.086097
0.980530
0.997477
0.004622
0.508082
0.992628
0.999098
0.122372
0.982772
0.078261
0.003003
0.997755
0.006164
0.003475
0.040821
0.958395
0.960554
0.828250
0.242078
0.984543
0.990865
0.998944
0.998118
0.000700
0.918727
0.033176
0.074201
0.998019
0.012766
0.009960
0.086251
0.222847
0.998611
0.018555
0.908996
0.995953
0.324197
0.998495
0.007177
0.996179
0.995609
0.014607
0.021911
0.960253
0.005446
0.005760
0.972681
0.005799
0.998216
0.952813
0.997185
0.942752
0.008062
0.993024
0.997983
0.045078
0.243706
0.334186
0.897698
0.961402
0.055459
0.989061
0.008112
0.998880
0.999368
0.006009
0.021923
0.263725
0.010777
0.913248
0.959676
0.999804
0.004159
0.893963
0.026267
0.003528
0.568725
0.988033
0.005895
0.977987
0.029028
0.370629
0.998361
0.006146
0.825933
0.001734
0.010723
0.080042
0.436966
0.020025
0.018963
0.677329
0.028228
0.441883
0.648328
0.016513
0.982980
0.045761
0.989348
0.041635
0.644745
0.005963
0.044161
0.003204
0.990407
0.781188
0.022810
0.012316
0.082005
0.001053
0.996064
0.990521
0.024627
0.015033
0.013265
0.994221
0.995620
0.011170
0.994861
0.987553
0.010985
0.997806
0.048930
0.993040
0.011238
0.998654
0.082134
0.894075
0.004144
0.976803
0.005400
0.016658
0.018068
0.001878
0.002668
0.032939
0.702585
0.381013
0.359253
0.928704
0.019658
0.788532
0.792163
0.993889
0.996120
0.996225
0.994609
0.017744
0.995712
0.994246
0.989146
0.995563
0.986290
0.998825
0.007904
0.982361
0.986747
0.364688
0.013695
0.001388
0.006642
0.309919
0.069261
0.992001
0.037306
0.031102
0.988470
0.994074
0.006168
0.089190
0.981737
0.106764
0.935712
0.999600
0.009354
0.017867
0.857942
0.997579
0.004595
0.029804
0.001238
0.997640
0.989591
0.011490
0.003470
0.296494
0.921353
0.002393
0.005001
0.015783
0.010197
0.005975
0.999300
0.857669
0.047535
0.001392
0.002009
0.135322
0.001675
0.081211
0.043601
0.007579
0.865721
0.046767
0.991193
0.985094
0.167249
0.030751
0.921903
0.005292
0.028963
0.945347
0.986812
0.016423
0.996816
0.998967
0.016938
0.007414
0.004090
0.989643
0.002282
0.074320
0.136731
0.861747
0.960586
0.197165
0.009939
0.999501
0.933965
0.024103
0.204206
0.002175
0.312393
0.997060
0.995743
0.173586
0.014569
0.997867
0.729391
0.996976
0.931014
0.021514
0.014049
0.967393
0.004189
0.003945
0.999528
0.804074
0.048827
0.999478
0.002361
0.054910
0.993379
0.800520
0.014779
0.004064
0.018668
0.997307
0.995222
0.001312
0.876662
0.998714
0.808820
0.079155
0.004675
0.999853
0.879017
0.910230
0.930824
0.141715
0.007222
0.059561
0.991944
0.006569
0.027244
0.019246
0.004076
0.997753
0.135159
0.989062
0.976460
0.021260
0.281881
0.049603
0.998365
0.006377
0.085289
0.996690
0.933122
0.992379
0.732217
0.104656
0.678826
0.048167
0.534013
0.017535
0.000847
0.027033
0.002887
0.967811
0.008880
0.992155
0.999422
0.998094
0.993679
0.997046
0.018837
0.004381
0.486268
0.319625
0.003366
0.955481
0.008964
0.471448
0.999489
0.002524
0.989377
0.119987
0.992022
0.008693
0.948655
0.212435
0.013948
0.733750
0.984640
0.072618
0.967183
0.983626
0.995000
0.997163
0.015856
0.003152
0.009602
0.010900
0.001172
0.043153
0.013720
0.319520
0.979177
0.002217
0.997070
0.004469
0.250881
0.771044
0.588669
0.003822
0.998763
0.939995
0.976244
0.999450
0.002475
0.015083
0.018530
0.997539
0.216611
0.994146
0.021092
0.068482
0.997063
0.968976
0.846439
0.983944
0.575832
0.004090
0.050451
0.029318
0.008487
0.997733
0.999893
0.977166
0.000980
0.987822
0.001611
0.050732
0.990081
0.988094
0.003666
0.967988
0.001967
0.982910
0.999620
0.001585
0.267586
0.736537
0.999282
0.011529
0.011674
0.027766
0.014668
0.049594
0.957209
0.601204
0.011173
0.152525
0.461209
0.977970
0.004145
0.004409
0.999303
0.188186
0.291368
0.092817
0.273995
0.308750
0.996469
0.161871
0.992058
0.171767
0.015220
0.001094
0.932814
0.774625
0.964515
0.003915
0.995565
0.004460
0.010617
0.003022
0.994952
0.953444
0.006099
0.084704
0.999555
0.994551
0.085036
0.008585
0.995214
0.917035
0.963295
0.031376
0.070176
0.002174
0.005370
0.004275
0.103375
0.002025
0.712022
0.097968
0.993690
0.906596
0.993268
0.993889
0.320567
0.111652
0.954607
0.005418
0.003581
0.988337
0.025232
0.180738
0.000994
0.141734
0.931773
0.995582
0.005303
0.992761
0.991981
0.052490
0.531753
0.112589
0.005684
0.998671
0.995432
0.995102
0.296840
0.998232
0.811654
0.025526
0.650379
0.917490
0.001662
0.986187
0.005252
0.003780
0.376750
0.006478
0.987965
0.062129
0.998227
0.002498
0.997215
0.002462
0.002500
0.997200
0.006404
0.991450
0.002809
0.999037
0.983711
0.001645
0.998863
0.912729
0.975633
0.008131
0.004214
0.016044
0.077829
0.990185
0.033923
0.849844
0.998833
0.535775
0.991827
0.000740
0.340062
0.096078
0.001636
0.013700
0.315230
0.658725
0.018902
0.995523
0.003253
0.020387
0.006214
0.825184
0.021076
0.998336
0.997765
0.013121
0.185771
0.997664
0.000692
0.999222
0.739244
0.001604
0.004475
0.999490
0.048158
0.998075
0.060127
0.950162
0.056775
0.933791
0.217458
0.003009
0.990982
0.206002
0.970662
0.947078
0.967327
0.997404
0.024249
0.980271
0.326148
0.003034
0.004262
0.758816
0.978316
0.073760
0.010898
0.002957
0.997619
0.003731
0.061331
0.142310
0.957769
0.008153
0.995679
0.115826
0.999211
0.953530
0.990889
0.937287
0.810599
0.016941
0.001476
0.001044
0.073295
0.004443
0.104094
0.376564
0.003318
0.025717
0.552926
0.753884
0.002667
0.093501
0.991228
0.134272
0.975753
0.005773
0.018954
0.990507
0.996769
0.105789
0.016183
0.408393
0.911344
0.073656
0.001194
0.997852
0.991472
0.538662
0.003361
0.069096
0.020693
0.109980
0.003957
0.999202
0.018478
0.019228
0.044884
0.380812
0.994235
0.003037
0.999567
0.019788
0.995116
0.998906
0.008358
0.020193
0.001271
0.997786
0.096881
0.040559
0.006424
0.007726
0.566046
0.001288
0.865295
0.988611
0.008514
0.430157
0.010039
0.209966
0.012171
0.997776
0.791656
0.014685
0.001756
0.168431
0.998984
0.454824
0.975794
0.954235
0.006958
0.063102
0.951784
0.003813
0.999437
0.756446
0.995804
0.017056
0.997807
0.086473
0.969002
0.997702
0.372689
0.001335
0.072170
0.999304
0.900792
0.995117
0.996536
0.994918
0.458092
0.293706
0.999595
0.729195
0.041299
0.865236
0.999407
0.921263
0.006640
0.040192
0.006115
0.023650
0.998173
0.992998
0.998176
0.012805
0.976969
0.137342
0.995348
0.999389
0.001822
0.980565
0.997061
0.998706
0.961283
0.006408
0.997583
0.995376
0.015848
0.984961
0.107880
0.827727
0.999169
0.001832
0.008476
0.995328
0.969187
0.996588
0.651428
0.918043
0.004954
0.000588
0.996844
0.999265
0.281551
0.181775
0.997916
0.142276
0.001668
0.018988
0.998864
0.054324
0.981335
0.001881
0.003215
0.789623
0.994867
0.983759
0.002033
0.002937
0.910740
0.049484
0.082929
0.020915
0.994942
0.007600
0.995637
0.995730
0.999487
0.998350
0.997775
0.218686
0.987467
0.994360
0.985559
0.272546
0.023763
0.972434
0.016017
0.164552
0.004835
0.961041
0.960650
0.961616
0.005409
0.144595
0.012728
0.003947
0.880444
0.394811
0.500500
0.983322
0.973186
0.011102
0.939577
0.032966
0.001648
0.082342
0.002515
0.997746
0.929821
0.994978
0.332721
0.001355
0.003061
0.999113
0.985423
0.003180
0.738288
0.212656
0.989492
0.998317
0.999350
0.912240
0.996177
0.196694
0.608493
0.001521
0.006577
0.951800
0.152292
0.669320
0.996163
0.332610
0.995947
0.005507
0.002521
0.321197
0.999598
0.937351
0.058725
0.032657
0.999304
0.033983
0.954119
0.524043
0.928370
0.016590
0.005934
0.002066
0.999677
0.097646
0.813332
0.908739
0.632016
0.966078
0.006862
0.997031
0.038208
0.798952
0.977280
0.046229
0.998988
0.367025
0.993426
0.040520
0.008952
0.999163
0.017372
0.996858
0.211758
0.062046
0.015138
0.999089
0.940078
0.996117
0.260761
0.914031
0.999384
0.055680
0.996838
0.996671
0.987410
0.005637
0.109338
0.997231
0.990979
0.378086
0.998145
0.955895
0.991632
0.005844
0.141408
0.996965
0.005266
0.449277
0.224336
0.868038
0.531244
0.997640
0.086106
0.940099
0.990388
0.872123
0.985460
0.018356
0.816090
0.001436
0.994643
0.014725
0.012367
0.966961
0.999153
0.015798
0.965621
0.997672
0.001607
0.015691
0.003360
0.999796
0.956887
0.998245
0.997661
0.003005
0.987189
0.971366
0.004929
0.997620
0.615085
0.040083
0.003323
0.019244
0.733562
0.163525
0.996605
0.145127
0.997800
0.965894
0.015336
0.993777
0.997409
0.002234
0.827393
0.004091
0.915993
0.554413
0.009658
0.997008
0.009144
0.998609
0.379078
0.524787
0.992077
0.996952
0.891944
0.964713
0.347144
0.934546
0.008618
0.001434
0.903179
0.997705
0.003841
0.999021
0.972352
0.002771
0.997861
0.687121
0.002282
0.921211
0.991184
0.365485
0.811137
0.360876
0.004042
0.107419
0.393123
0.998852
0.953249
0.002895
0.022955
0.013588
0.011421
0.001251
0.796375
0.754019
0.254494
0.007609
0.785742
0.998975
0.035639
0.987868
0.022805
0.173563
0.024633
0.024889
0.000787
0.995632
0.989899
0.005834
0.212878
0.997322
0.917732
0.999723
0.027026
0.029044
0.989674
0.079352
0.163009
0.008787
0.999347
0.964891
0.993172
0.989391
0.003697
0.954130
0.326178
0.003937
0.006781
0.996152
0.496891
0.499194
0.004144
0.004951
0.001833
0.173158
0.426817
0.011323
0.641307
0.999610
0.980455
0.997061
0.998580
0.997376
0.991210
0.012747
0.000582
0.948199
0.406828
0.987593
0.000745
0.024588
0.937451
0.075749
0.935147
0.676187
0.972250
0.981139
0.004335
0.993991
0.003050
0.003250
0.092007
0.004257
0.017542
0.004662
0.994920
0.046432
0.181857
0.897387
0.580605
0.888510
0.396887
0.002635
0.020606
0.003942
0.998831
0.002091
0.988650
0.004264
0.999769
0.002266
0.144045
0.998898
0.993796
0.998062
0.021829
0.006610
0.180240
0.999413
0.193285
0.001302
0.497705
0.005048
0.432974
0.413927
0.978826
0.828732
0.989569
0.817863
0.003446
0.998471
0.001149
0.996747
0.006692
0.996215
0.004137
0.912336
0.011488
0.993940
0.021272
0.987485
0.310742
0.985568
0.097043
0.106467
0.998624
0.823403
0.084204
0.997926
0.994982
0.023427
0.004113
0.126409
0.997869
0.005588
0.000848
0.979816
0.391779
0.996501
0.024067
0.011496
0.015810
0.088848
0.257813
0.593381
0.488146
0.040044
0.927949
0.995821
0.017322
0.004586
0.003173
0.136582
0.553353
0.979498
0.999432
0.996184
0.996605
0.001640
0.910586
0.995661
0.030952
0.434258
0.027393
0.993575
0.980844
0.059164
0.002576
0.997818
0.008645
0.996750
0.999715
0.036200
0.984440
0.090531
0.012273
0.996127
0.251304
0.967932
0.994088
0.999474
0.845022
0.998179
0.006351
0.998025
0.984858
0.207031
0.013255
0.800363
0.003744
0.322373
0.982606
0.002626
0.032480
0.034379
0.087775
0.004047
0.822648
0.007843
0.847021
0.189116
0.001183
0.057567
0.005216
0.008748
0.047423
0.998857
0.986876
0.956544
0.015039
0.979738
0.070646
0.005527
0.006940
0.008061
0.022753
0.986894
0.103692
0.960710
0.289346
0.997503
0.996998
0.941268
0.974971
0.762943
0.004812
0.998636
0.946996
0.021418
0.002740
0.003120
0.011373
0.991633
0.995536
0.999610
0.007795
