0.674978
0.995990
0.175010
0.991998
0.042759
0.106901
0.955633
0.128195
0.004611
0.982378
0.989508
0.926886
0.831302
0.981330
0.330715
0.901871
0.422463
0.843088
0.077026
0.936724
0.972087
0.996599
0.816572
0.030126
0.167635
0.055922
0.990142
0.981833
0.998614
0.277586
0.050219
0.329859
0.995814
0.185495
0.298771
0.998757
0.999905
0.974103
0.038343
0.061181
0.850362
0.071478
0.003754
0.964919
0.365294
0.228041
0.587883
0.149363
0.418564
0.819006
0.740738
0.270840
0.120351
0.208397
0.986222
0.010499
0.090743
0.028977
0.010690
0.858494
0.330728
0.829898
0.141869
0.854562
0.080552
0.380988
0.358600
0.993553
0.984469
0.980174
0.027355
0.789739
0.057927
0.031687
0.068557
0.943153
0.001694
0.808703
0.999685
0.019478
0.998455
0.706115
0.266479
0.040424
0.780916
0.963261
0.980003
0.153058
0.007241
0.420420
0.053368
0.512618
0.540369
0.435008
0.111777
0.017195
0.017259
0.788165
0.293226
0.001927
0.158260
0.448311
0.998741
0.984776
0.459549
0.001335
0.016036
0.995590
0.286343
0.261917
0.042761
0.472862
0.984826
0.012156
0.971404
0.034375
0.034235
0.137090
0.761452
0.752886
0.389852
0.758095
0.794898
0.951924
0.011503
0.892335
0.010002
0.532452
0.862542
0.003393
0.125867
0.313561
0.024248
0.197268
0.955338
0.153917
0.996438
0.593958
0.416166
0.340899
0.424381
0.910409
0.794952
0.572754
0.942662
0.068799
0.327767
0.982108
0.336528
0.879808
0.755544
0.156389
0.543678
0.960361
0.097486
0.119099
0.057347
0.010138
0.988911
0.560713
0.398638
0.987865
0.530860
0.523051
0.994313
0.379574
0.990624
0.428616
0.417503
0.149570
0.209655
0.999008
0.548901
0.180989
0.189067
0.938181
0.276595
0.380444
0.666381
0.922999
0.532358
0.986461
0.997367
0.049952
0.161509
0.075337
0.638876
0.427820
0.994583
0.270722
0.997734
0.981627
0.994922
0.773685
0.006221
0.030028
0.915273
0.061303
0.825150
0.020301
0.999074
0.432971
0.931387
0.235146
0.905907
0.824165
0.102897
0.303822
0.438893
0.008899
0.698036
0.564652
0.270044
0.282031
0.451315
0.402518
0.212963
0.031596
0.516064
0.264138
0.994078
0.365334
0.985487
0.954221
0.973728
0.841382
0.253713
0.246893
0.767313
0.162182
0.998520
0.966180
0.007033
0.011081
0.766047
0.112045
0.067851
0.386341
0.824263
0.191690
0.816448
0.234909
0.160859
0.991017
0.144606
0.913566
0.160606
0.001303
0.223229
0.955201
0.002521
0.998323
0.193051
0.152215
0.992203
0.772956
0.234533
0.988251
0.011207
0.955901
0.991516
0.023654
0.051234
0.297029
0.973817
0.983843
0.008233
0.956532
0.502368
0.473293
0.135749
0.830346
0.382703
0.177639
0.082596
0.022520
0.808160
0.203168
0.969446
0.967534
0.325063
0.107449
0.016756
0.961512
0.125855
0.486390
0.030323
0.155610
0.308339
0.992124
0.868728
0.767158
0.208037
0.991135
0.855447
0.077304
0.988701
0.853015
0.393634
0.994943
0.850432
0.984613
0.026616
0.993202
0.994710
0.273650
0.288260
0.413274
0.842359
0.945909
0.602273
0.239806
0.553856
0.201385
0.114407
0.129723
0.365730
0.740115
0.986023
0.009611
0.868702
0.003213
0.158134
0.428527
0.001134
0.829765
0.057825
0.989339
0.715952
0.930596
0.286912
0.422610
0.070354
0.026289
0.125074
0.443290
0.983960
0.010448
0.948096
0.301560
0.984350
0.029546
0.130626
0.994430
0.024114
0.025351
0.132970
0.059498
0.916063
0.880300
0.704176
0.021473
0.966398
0.012062
0.134068
0.968780
0.033724
0.129130
0.259600
0.748662
0.091318
0.023238
0.988041
0.042735
0.994121
0.954368
0.006766
0.085925
0.087020
0.040659
0.965099
0.755578
0.259466
0.294868
0.421382
0.183885
0.700196
0.755633
0.776397
0.565211
0.191129
0.735219
0.137942
0.990568
0.136123
0.978381
0.864698
0.997308
0.365928
0.278935
0.028415
0.303029
0.209651
0.004682
0.917117
0.070009
0.043447
0.364191
0.054399
0.104626
0.499526
0.139842
0.136817
0.724044
0.149896
0.093300
0.101794
0.052477
0.947354
0.998173
0.886988
0.886554
0.044649
0.132861
0.941612
0.240261
0.009188
0.906422
0.172899
0.031950
0.253222
0.583088
0.376109
0.047497
0.795047
0.998775
0.921750
0.999014
0.071354
0.999080
0.350005
0.002580
0.027024
0.405136
0.011213
0.996059
0.289231
0.944851
0.917372
0.961626
0.250235
0.908229
0.995286
0.998844
0.002243
0.969635
0.167296
0.924473
0.233306
0.922700
0.859231
0.575490
0.324041
0.062384
0.051257
0.886088
0.631589
0.174451
0.639298
0.016024
0.997926
0.119186
0.125153
0.394495
0.823472
0.088462
0.105823
0.535284
0.999375
0.999225
0.849664
0.990416
0.226364
0.950844
0.480496
0.994807
0.263506
0.041705
0.148069
0.131630
0.941250
0.919773
0.934887
0.068237
0.132379
0.782387
0.789747
0.995997
0.180006
0.074143
0.013996
0.492979
0.131937
0.187573
0.987127
0.077756
0.956276
0.243349
0.999094
0.713214
0.994756
0.898551
0.498737
0.175407
0.169851
0.985689
0.183260
0.123492
0.010053
0.981305
0.381169
0.067456
0.926491
0.015873
0.013765
0.841489
0.042431
0.065243
0.010540
0.019067
0.875485
0.996003
0.995163
0.012158
0.232105
0.975423
0.998621
0.777384
0.099497
0.961304
0.498060
0.014671
0.012580
0.980544
0.512731
0.156678
0.936493
0.997373
0.053903
0.976483
0.131195
0.906986
0.990970
0.320310
0.781795
0.008200
0.667041
0.981305
0.010512
0.130046
0.919069
0.877853
0.933626
0.967978
0.246029
0.161840
0.043921
0.994001
0.686777
0.989644
0.729242
0.984193
0.112735
0.308480
0.941643
0.997023
0.079055
0.196199
0.988244
0.429184
0.984156
0.001173
0.970071
0.988905
0.499005
0.998604
0.317996
0.728673
0.217595
0.011799
0.499607
0.003082
0.864792
0.881766
0.978168
0.001010
0.872008
0.797325
0.860541
0.103731
0.045107
0.924291
0.202709
0.048018
0.079099
0.029069
0.815319
0.041316
0.679877
0.048864
0.521887
0.963643
0.806564
0.847199
0.971668
0.002521
0.822548
0.947477
0.984525
0.281854
0.017759
0.970659
0.095175
0.000614
0.428349
0.756821
0.991381
0.991832
0.357478
0.036680
0.949232
0.588765
0.828752
0.242742
0.989783
0.001702
0.320967
0.138623
0.936302
0.043757
0.395615
0.949680
0.937490
0.252669
0.751125
0.324316
0.198874
0.241225
0.992397
0.941861
0.121393
0.901020
0.797899
0.773301
0.846130
0.962252
0.495941
0.333352
0.044789
0.015591
0.209812
0.029905
0.016482
0.967549
0.876109
0.996868
0.129334
0.037198
0.858192
0.030986
0.469461
0.503400
0.150563
0.725153
0.040599
0.879238
0.172107
0.493136
0.945808
0.863029
0.828391
0.064941
0.989963
0.130866
0.299148
0.962900
0.020995
0.766573
0.671943
0.908124
0.990011
0.572008
0.996815
0.198264
0.342897
0.005783
0.936521
0.096837
0.023988
0.035494
0.051762
0.727318
0.286092
0.924768
0.820373
0.494334
0.458247
0.014124
0.012227
0.148135
0.012352
0.993138
0.029694
0.716296
0.134737
0.175557
0.092843
0.002157
0.978419
0.023654
0.767482
0.205674
0.148651
0.471375
0.125996
0.354313
0.967937
0.009997
0.054656
0.998710
0.918651
0.013494
0.024810
0.322414
0.020017
0.945391
0.986795
0.882064
0.328236
0.211178
0.995260
0.993972
0.186220
0.034348
0.003578
0.041908
0.061539
0.265087
0.997215
0.010569
0.663707
0.977518
0.834895
0.451608
0.719056
0.136262
0.347024
0.174974
0.275131
0.974785
0.254266
0.021825
0.213741
0.230146
0.942719
0.087632
0.022079
0.996841
0.562359
0.006598
0.001960
0.805664
0.063233
0.047614
0.025241
0.905397
0.707146
0.004896
0.973449
0.252484
0.078799
0.039297
0.529808
0.391437
0.991277
0.004653
0.416020
0.125704
0.256510
0.987817
0.420616
0.860975
0.898995
0.746625
0.922216
0.018572
0.066459
0.980274
0.998565
0.596167
0.972977
0.986732
0.213634
0.509428
0.975449
0.978216
0.283264
0.906488
0.644829
0.982999
0.646432
0.935075
0.036355
0.577814
0.739990
0.752818
0.067702
0.380323
0.794252
0.037808
0.903678
0.532552
0.121874
0.953796
0.060151
0.073197
0.086542
0.369614
0.711440
0.129397
0.335929
0.900265
0.983283
0.987905
0.079028
0.806683
0.003633
0.099064
0.004651
0.270278
0.987454
0.537572
0.298087
0.488951
0.057221
0.927125
0.421385
0.805200
0.885868
0.014585
0.032069
0.838816
0.014728
0.028170
0.399100
0.989270
0.235417
0.676661
0.469011
0.484490
0.199951
0.971027
0.263437
0.468407
0.791474
0.761600
0.004520
0.777310
0.540890
0.807099
0.076154
0.118382
0.452606
0.192693
0.165039
0.153978
0.178699
0.995513
0.114998
0.338386
0.936759
0.007772
0.974673
0.993030
0.216696
0.999429
0.751583
0.467706
0.937916
0.962839
0.943910
0.070996
0.364531
0.927313
0.049942
0.706530
0.962983
0.268677
0.954403
0.995319
0.607353
0.099047
0.995229
0.792731
0.065884
0.624367
0.715548
0.047262
0.978744
0.881114
0.013292
0.694653
0.147045
0.683680
0.766443
0.144153
0.965586
0.212151
0.177980
0.993850
0.369850
0.346987
0.910610
0.107488
0.607082
0.913731
0.982455
0.957284
0.294761
0.870196
0.595685
0.009862
0.080514
0.015072
0.521647
0.054115
0.980795
0.848637
0.024763
0.068590
0.805705
0.073532
0.636946
0.101004
0.994281
0.653874
0.050366
0.997422
0.217544
0.005025
0.918108
0.948972
0.208160
0.120660
0.321893
0.942439
0.183050
0.090910
0.993693
0.063885
0.856559
0.936747
0.031808
0.770969
0.174681
0.289300
0.129819
0.050076
0.606056
0.431229
0.955323
0.984209
0.884392
0.976479
0.017205
0.045401
0.993979
0.046312
0.265692
0.013311
0.058050
0.005361
0.253366
0.282366
0.106908
0.026732
0.998769
0.007959
0.103250
0.958202
0.028992
0.544778
0.852460
0.996836
0.075960
0.043850
0.287593
0.143555
0.324597
0.056408
0.141921
0.096678
0.059579
0.983983
0.078389
0.090404
0.996837
0.598098
0.071672
0.795146
0.303070
0.487492
0.941242
0.395384
0.005421
0.229086
0.312321
0.031685
0.006109
0.396896
0.825084
0.364480
0.169111
0.232964
0.047797
0.017617
0.048442
0.992711
0.828349
0.998999
0.734656
0.005357
0.782854
0.073466
0.781564
0.039331
0.802595
0.111112
0.030599
0.087917
0.596922
0.007010
0.826404
0.995620
0.570190
0.119683
0.784058
0.994640
0.735820
0.321547
0.221079
0.862880
0.989787
0.990925
0.168756
0.328380
0.981592
0.408022
0.332563
0.953365
0.999559
0.544998
0.994078
0.087564
0.242910
0.979683
0.001711
0.987993
0.067175
0.443379
0.010286
0.993578
0.984382
0.785854
0.993986
0.989035
0.997307
0.968149
0.988620
0.010436
0.877813
0.989513
0.013503
0.242426
0.229637
0.994450
0.989007
0.679962
0.982725
0.302291
0.728109
0.898719
0.914601
0.138592
0.193106
0.988724
0.995600
0.875693
0.078472
0.891603
0.282523
0.916323
0.199509
0.144183
0.005295
0.292298
0.121985
0.024883
0.848648
0.970955
0.055005
0.205388
0.025794
0.935424
0.688478
0.028481
0.080759
0.021384
0.986371
0.816834
0.987611
0.884211
0.480796
0.298681
0.200363
0.016738
0.062437
0.001497
0.990534
0.900365
0.047284
0.162435
0.013556
0.768554
0.056121
0.583194
0.999762
0.770518
0.169721
0.011020
0.450425
0.052369
0.037241
0.960970
0.382372
0.071717
0.947034
0.801921
0.918620
0.404241
0.091097
0.691567
0.112039
0.555431
0.936585
0.250781
0.510010
0.652010
0.250860
0.042456
0.972184
0.110636
0.969688
0.886361
0.353970
0.095176
0.639269
0.915854
0.995134
0.014763
0.998572
0.970346
0.381148
0.411877
0.000290
0.154712
0.188843
0.905251
0.861990
0.598239
0.518291
0.408892
0.729535
0.199463
0.255914
0.210600
0.874688
0.527937
0.290467
0.977373
0.924577
0.989043
0.440466
0.956338
0.446990
0.173962
0.550634
0.774285
0.035285
0.215954
0.031951
0.401373
0.500340
0.100001
0.975742
0.774211
0.377826
0.970284
0.067465
0.208765
0.299210
0.918259
0.053442
0.300183
0.684924
0.389563
0.113320
0.602744
0.718978
0.590699
0.299516
0.610677
0.393195
0.993091
0.473801
0.989971
0.027591
0.075967
0.053968
0.984420
0.309755
0.199044
0.036171
0.547295
0.969010
0.844457
0.990235
0.921672
0.053068
0.091294
0.170795
0.188725
0.940634
0.959302
0.998391
0.764800
0.052638
0.770388
0.192395
0.164561
0.011274
0.021502
0.977388
0.981437
0.983769
0.915957
0.306359
0.611630
0.022220
0.914415
0.583937
0.993356
0.898907
0.191818
0.032384
0.378920
0.996884
0.126859
0.518284
0.135360
0.170312
0.010143
0.933554
0.080428
0.999619
0.292401
0.457123
0.306764
0.166980
0.660969
0.079374
0.989385
0.013074
0.188856
0.709926
0.833030
0.974999
0.716908
0.028079
0.209329
0.661266
0.007673
0.884777
0.918592
0.003042
0.929019
0.339216
0.360401
0.341447
0.990347
0.055330
0.952698
0.220838
0.571889
0.272488
0.978785
0.546557
0.938771
0.992640
0.961526
0.914607
0.045729
0.196871
0.978274
0.280358
0.777245
0.991212
0.898737
0.991652
0.968866
0.199148
0.965869
0.008700
0.035786
0.511649
0.974266
0.521592
0.494155
0.187862
0.106524
0.026330
0.892536
0.706379
0.188988
0.994072
0.970097
0.610280
0.110094
0.021277
0.071781
0.768212
0.129553
0.998982
0.958545
0.054795
0.277737
0.957636
0.136310
0.363801
0.738707
0.732568
0.982004
0.170327
0.043042
0.071268
0.233651
0.616588
0.626717
0.912741
0.081890
0.079851
0.463382
0.947117
0.437860
0.104148
0.961434
0.009461
0.260234
0.936622
0.982011
0.958804
0.793665
0.167752
0.998838
0.998555
0.865372
0.077725
0.646220
0.984640
0.000839
0.706369
0.990595
0.770760
0.787975
0.032997
0.998727
0.013423
0.256056
0.003680
0.304976
0.862400
0.033918
0.033878
0.081717
0.785760
0.996140
0.649492
0.140124
0.982395
0.690138
0.963913
0.328213
0.034091
0.283937
0.455572
0.994657
0.323848
0.028273
0.910452
0.953396
0.002962
0.990663
0.959374
0.926773
0.906067
0.030786
0.847621
0.050518
0.087594
0.135305
0.365095
0.056310
0.223796
0.080646
0.970087
0.929262
0.248209
0.059463
0.329400
0.651328
0.016878
0.553166
0.840429
0.096279
0.072091
0.063976
0.941338
0.165640
0.057971
0.752693
0.964397
0.368423
0.146860
0.862402
0.993801
0.019512
0.999860
0.007286
0.392159
0.894491
0.226646
0.071101
0.163209
0.878136
0.976278
0.355128
0.103962
0.943916
0.588141
0.994010
0.423306
0.598527
0.993390
0.978660
0.800195
0.999601
0.798255
0.248636
0.140999
0.010113
0.044191
0.686674
0.055956
0.079724
0.921004
0.127668
0.937335
0.199944
0.339744
0.997874
0.647280
0.753067
0.135434
0.049242
0.173841
0.041601
0.027561
0.219315
0.958551
0.005521
0.973961
0.983270
0.319594
0.043193
0.071050
0.801148
0.989883
0.152114
0.237962
0.150475
0.995061
0.010333
0.243216
0.520493
0.206504
0.945609
0.995215
0.117401
0.950463
0.145179
0.055315
0.756503
0.549477
0.999311
0.989032
0.996291
0.936207
0.834231
0.114654
0.076986
0.883172
0.070094
0.066460
0.995619
0.299381
0.994529
0.762745
0.814624
0.052569
0.219235
0.996608
0.751154
0.203036
0.875902
0.122789
0.216390
0.219900
0.221191
0.823125
0.007525
0.796496
0.007972
0.301462
0.991182
0.061223
0.160075
0.066776
0.039550
0.156275
0.999564
0.332913
0.243771
0.775873
0.474175
0.359680
0.913681
0.014398
0.961447
0.081416
0.466457
0.992296
0.958227
0.943019
0.007359
0.007672
0.254152
0.460715
0.132691
0.231124
0.179253
0.175109
0.027349
0.184237
0.930899
0.285354
0.483270
0.021583
0.656225
0.883370
0.993613
0.990410
0.775576
0.764304
0.340752
0.936045
0.200636
0.907110
0.828625
0.037849
0.134279
0.199199
0.851255
0.833430
0.019870
0.784664
0.052252
0.979973
0.995170
0.414999
0.133083
0.467505
0.070721
0.120332
0.080894
0.804211
0.995368
0.020561
0.475240
0.999307
0.042803
0.362186
0.383602
0.998098
0.973272
0.124943
0.011544
0.874727
0.300610
0.118698
0.438791
0.994007
0.320875
0.023518
0.140793
0.415903
0.168822
0.336661
0.231940
0.968013
0.988209
0.816799
0.642193
0.964476
0.900650
0.945481
0.446329
0.268527
0.999388
0.789396
0.048318
0.122740
0.067242
0.923096
0.454656
0.382663
0.908876
0.584155
0.954380
0.762305
0.668574
0.026290
0.112381
0.990343
0.439014
0.988204
0.014473
0.035031
0.345737
0.423007
0.689221
0.333246
0.999967
0.010395
0.442097
0.069268
0.279059
0.050470
0.003200
0.437767
0.889864
0.030784
0.327294
0.374646
0.998734
0.989522
0.057397
0.005352
0.007723
0.131548
0.924624
0.258211
0.598349
0.944241
0.982882
0.161465
0.560782
0.820424
0.005340
0.778293
0.863401
0.186578
0.216105
0.240023
0.971166
0.956079
0.012591
0.418760
0.140426
0.253259
0.007936
0.609624
0.008977
0.012376
0.077623
0.970570
0.082308
0.749245
0.183665
0.982839
0.706713
0.374534
0.027724
0.766953
0.007708
0.994811
0.881391
0.956558
0.917398
0.063710
0.550080
0.113196
0.148504
0.612707
0.621626
0.133312
0.019710
0.376194
0.008823
0.152021
0.993808
0.393942
0.429530
0.014908
0.400032
0.403820
0.915173
0.154701
0.964976
0.998621
0.862809
0.217205
0.010141
0.050690
0.996443
0.963666
0.899717
0.019155
0.165737
0.816296
0.988331
0.023905
0.992096
0.045166
0.918496
0.987775
0.984612
0.001603
0.126861
0.975415
0.843534
0.102201
0.239423
0.190539
0.080596
0.965797
0.350692
0.016726
0.828860
0.076471
0.040081
0.998417
0.081048
0.260494
0.002857
0.673833
0.995106
0.426386
0.012643
0.244094
0.941585
0.680227
0.253252
0.897756
0.392474
0.016129
0.027793
0.010811
0.017137
0.299928
0.972973
0.849199
0.608683
0.347808
0.164172
0.093073
0.812964
0.331652
0.001367
0.296178
0.181674
0.306746
0.980650
0.006259
0.052841
0.969504
0.305891
0.043480
0.984449
0.300579
0.082873
0.277546
0.115307
0.172728
0.811593
0.056231
0.142355
0.854642
0.049346
0.993244
0.032768
0.998802
0.986103
0.267328
0.771865
0.938989
0.368770
0.665058
0.172922
0.421019
0.162463
0.839049
0.002389
0.043581
0.190285
0.063317
0.283389
0.018049
0.002159
0.059459
0.975729
0.047890
0.860703
0.953570
0.993848
0.172381
0.115015
0.955716
0.987939
0.599054
0.628580
0.931309
0.036236
0.179773
0.992918
0.984357
0.999659
0.975748
0.009614
0.307704
0.231960
0.117321
0.531379
0.034558
0.022142
0.174675
0.363310
0.951753
0.943148
0.020300
0.716693
0.490970
0.802532
0.065065
0.890603
0.717086
0.139403
0.033807
0.946968
0.335952
0.994388
0.002099
0.228524
0.022907
0.462881
0.991576
0.332700
0.995602
0.124693
0.153151
0.997716
0.998767
0.846556
0.197680
0.163183
0.253526
0.685275
0.104124
0.998545
0.091141
0.228780
0.930779
0.918426
0.050003
0.272965
0.322913
0.990330
0.984705
0.131136
0.160673
0.967770
0.986598
0.015478
0.682478
0.187124
0.967475
0.023485
0.915592
0.989323
0.997027
0.022346
0.010742
0.642503
0.995723
0.037337
0.282453
0.163532
0.759124
0.985102
0.517797
0.139214
0.256985
0.004485
0.026603
0.439501
0.383778
0.291974
0.359260
0.605794
0.280277
0.367830
0.990365
0.938428
0.707714
0.004228
0.993696
0.103619
0.942292
0.782441
0.959641
0.445070
0.008347
0.555595
0.010509
0.392249
0.008241
0.744426
0.007996
0.963119
0.663086
0.447474
0.849906
0.035138
0.901230
0.449573
0.947150
0.983577
0.994633
0.481640
0.028818
0.950507
0.997050
0.914182
0.005532
0.647660
0.888365
0.353131
0.217603
0.961870
0.946224
0.864212
0.768686
0.986683
0.995747
0.691388
0.035515
0.400019
0.580652
0.107064
0.698450
0.986853
0.791378
0.005886
0.977144
0.987723
0.051602
0.067486
0.547379
0.962336
0.125191
0.083623
0.968175
0.308746
0.960587
0.144755
0.950105
0.986218
0.575399
0.953331
0.000878
0.019973
0.883725
0.533425
0.108939
0.835815
0.033311
0.025334
0.941200
0.742628
0.964583
0.997658
0.145151
0.980256
0.937227
0.933989
0.882618
0.935713
0.148555
0.018200
0.007149
0.008090
0.289954
0.993575
0.309432
0.537612
0.586353
0.506848
0.493398
0.984352
0.166199
0.490793
0.990181
0.972395
0.213743
0.049144
0.252170
0.135453
0.979500
0.205596
0.998523
0.955303
0.645331
0.101981
0.612958
0.909040
0.306375
0.082217
0.962523
0.860876
0.015836
0.930156
0.973474
0.989401
0.279512
0.317597
0.040171
0.987820
0.191691
0.862160
0.974761
0.985542
0.950115
0.038939
0.994929
0.928282
0.747730
0.794408
0.331027
0.307361
0.020126
0.943589
0.968117
0.989456
0.300523
0.559098
0.946297
0.978606
0.020957
0.998315
0.005600
0.989022
0.096204
0.233182
0.708006
0.963689
0.986544
0.996221
0.177562
0.998259
0.996092
0.948198
0.776930
0.954837
0.960350
0.400887
0.681322
0.028718
0.950170
0.186008
0.170701
0.981357
0.011130
0.961356
0.021324
0.178012
0.983832
0.013367
0.032946
0.017382
0.901638
0.213364
0.076230
0.975474
0.850758
0.254417
0.994807
0.968401
0.998997
0.550104
0.214805
0.092841
0.978386
0.937710
0.015728
0.121322
0.662261
0.087094
0.064716
0.998900
0.997067
0.250371
0.072774
0.047931
0.023242
0.633324
0.201765
0.007351
0.399362
0.252878
0.083989
0.230742
0.892564
0.828949
0.528503
0.802057
0.978164
0.775572
0.460639
0.933983
0.190131
0.944484
0.085319
0.006398
0.782917
0.392797
0.999233
0.694009
0.997565
0.140348
0.039350
0.996902
0.971644
0.069640
0.101153
0.573276
0.975773
0.295264
0.392928
0.575654
0.995243
0.887510
0.696804
0.101980
0.989163
0.048925
0.818526
0.089660
0.182025
0.931260
0.160590
0.832111
0.243873
0.360647
0.008861
0.241449
0.096151
0.179570
0.018070
0.961790
0.063219
0.911652
0.014845
0.061450
0.016841
0.983168
0.305853
0.088173
0.144717
0.667985
0.787444
0.991327
0.986173
0.323161
0.187767
0.015522
0.654894
0.831951
0.136053
0.195475
0.041784
0.652821
0.006601
0.040440
0.005745
0.567307
0.087968
0.036978
0.552858
0.002511
0.681947
0.475970
0.988268
0.156078
0.337759
0.790607
0.021367
0.798353
0.013367
0.971509
0.211541
0.751232
0.983853
0.001677
0.411745
0.114938
0.998928
0.985231
0.047097
0.538932
0.970520
0.231911
0.937420
0.493444
0.144677
0.432229
0.983687
0.582420
0.271301
0.867419
0.188488
0.994576
0.943334
0.460400
0.792718
0.352201
0.133149
0.454915
0.988197
0.010261
0.273901
0.014235
0.460998
0.535255
0.912282
0.217715
0.982674
0.039291
0.405316
0.204008
0.367679
0.926586
0.442850
0.059467
0.079092
0.005151
0.763765
0.634387
0.488876
0.334877
0.985576
0.976175
0.463459
0.064221
0.133913
0.702962
0.131573
0.046471
0.997091
0.143340
0.061901
0.079409
0.117114
0.865325
0.346447
0.570884
0.731833
0.952860
0.998926
0.991745
0.024614
0.100346
0.232499
0.034554
0.209066
0.089423
0.973888
0.966266
0.389061
0.079595
0.928234
0.677530
0.982222
0.067724
0.174825
0.681252
0.035694
0.996008
0.301560
0.959298
0.260937
0.656941
0.989750
0.378245
0.015810
0.148588
0.990970
0.451648
0.997175
0.936607
0.978492
0.158586
0.883355
0.980286
0.980939
0.004513
0.155465
0.048779
0.966364
0.235331
0.881057
0.683511
0.004862
0.013267
0.104269
0.036737
0.975799
0.089405
0.075690
0.040161
0.015536
0.643038
0.232998
0.089650
0.984081
0.024520
0.306120
0.673633
0.029553
0.030965
0.798193
0.996650
0.029717
0.116617
0.254578
0.127117
0.264172
0.331250
0.062237
0.164823
0.234232
0.352357
0.572050
0.231994
0.006863
0.304877
0.195517
0.013545
0.114444
0.031813
0.827089
0.959744
0.468244
0.792051
0.891007
0.123105
0.391776
0.348899
0.009629
0.804904
0.991705
0.010120
0.878475
0.510983
0.365310
0.295881
0.521956
0.741678
0.300040
0.017669
0.874434
0.286741
0.929522
0.016918
0.114549
0.808174
0.975302
0.994828
0.184216
0.790220
0.265997
0.023679
0.383196
0.100732
0.165159
0.895521
0.215828
0.368727
0.561142
0.049198
0.120654
0.012906
0.218372
0.029586
0.332765
0.957342
0.010685
0.956482
0.312658
0.336828
0.037684
0.002976
0.242523
0.252389
0.471395
0.073046
0.017745
0.073362
0.343760
0.178574
0.892511
0.986057
0.379214
0.055585
0.934037
0.941219
0.005119
0.019912
0.865033
0.336192
0.317243
0.047131
0.337922
0.033566
0.210426
0.003819
0.078576
0.345809
0.981796
0.993846
0.721078
0.994978
0.805254
0.862926
0.028876
0.246157
0.990196
0.025087
0.402774
0.328099
0.997583
0.128760
0.228440
0.196310
0.713146
0.996105
0.607059
0.965639
0.895725
0.996250
0.025127
0.263421
0.005168
0.243914
0.071510
0.062466
0.476412
0.648656
0.013514
0.908747
0.106982
0.168691
0.212995
0.111883
0.957520
0.037409
0.761670
0.041992
0.274715
0.973282
0.416876
0.113722
0.834523
0.991866
0.233193
0.030292
0.998200
0.944129
0.961550
0.010455
0.946971
0.110050
0.999803
0.463191
0.053673
0.931850
0.009981
0.993002
0.046196
0.041801
0.991275
0.567860
0.045310
0.662674
0.016820
0.105731
0.858706
0.006080
0.022436
0.981390
0.014356
0.984594
0.974449
0.950988
0.302916
0.130756
0.020285
0.107439
0.824637
0.791022
0.859791
0.976933
0.769704
0.996444
0.261913
0.151370
0.275784
0.998877
0.851344
0.015387
0.993326
0.998821
0.918032
0.233720
0.824827
0.371517
0.563318
0.068409
0.066272
0.002466
0.011090
0.235216
0.152499
0.975498
0.100140
0.009758
0.178947
0.356759
0.924026
0.951933
0.097277
0.012668
0.524777
0.981773
0.170950
0.518236
0.476155
0.232332
0.406928
0.511130
0.289546
0.051497
0.920018
0.988153
0.996068
0.436170
0.346326
0.754101
0.373180
0.940140
0.031582
0.288269
0.010547
0.890160
0.239054
0.001725
0.632030
0.528191
0.191897
0.008377
0.481649
0.063005
0.011481
0.238587
0.117622
0.975313
0.033133
0.106479
0.099691
0.988326
0.020488
0.058655
0.106030
0.909054
0.971371
0.999684
0.477013
0.020740
0.011597
0.076122
0.959050
0.189394
0.938716
0.077036
0.535705
0.722787
0.838729
0.093418
0.743130
0.066935
0.908915
0.990403
0.033228
0.113096
0.028235
0.746896
0.977823
0.968289
0.378246
0.994612
0.812884
0.972071
0.891176
0.870503
0.009562
0.023093
0.914862
0.568150
0.380255
0.043623
0.952474
0.011662
0.972440
0.965925
0.317585
0.139318
0.198746
0.173207
0.553667
0.929489
0.932509
0.572051
0.864059
0.839993
0.987226
0.343757
0.040027
0.992363
0.998722
0.380226
0.969280
0.003271
0.611291
0.030563
0.062857
0.633682
0.468715
0.941772
0.318871
0.004806
0.339068
0.062546
0.806521
0.804852
0.015501
0.768815
0.346956
0.836276
0.035696
0.698924
0.246603
0.076277
0.759595
0.744402
0.765465
0.775275
0.864934
0.013009
0.070612
0.978883
0.957239
0.020378
0.165514
0.079010
0.988959
0.009125
0.027237
0.920214
0.172588
0.991770
0.080024
0.214054
0.555582
0.833280
0.381662
0.997935
0.005316
0.806148
0.903011
0.055994
0.043666
0.564191
0.637832
0.205599
0.521706
0.661873
0.378709
0.009803
0.097548
0.423564
0.134519
0.926185
0.900410
0.057136
0.981558
0.052671
0.947090
0.426129
0.515428
0.964968
0.999539
0.070182
0.014986
0.391342
0.296665
0.151455
0.899004
0.860002
0.009094
0.046183
0.460887
0.282252
0.812098
0.790878
0.036665
0.998571
0.824563
0.758405
0.974165
0.980778
0.997895
0.243300
0.000930
0.093594
0.015054
0.013766
0.175936
0.300292
0.912822
0.265923
0.988441
0.986792
0.018554
0.658356
0.037463
0.190628
0.555895
0.610846
0.194085
0.997941
0.903867
0.998137
0.411855
0.010337
0.536345
0.773878
0.641289
0.102488
0.955979
0.336164
0.973131
0.986838
0.024683
0.593618
0.118298
0.909316
0.875750
0.998623
0.745854
0.975496
0.065135
0.313165
0.065863
0.027125
0.995294
0.025934
0.017299
0.049930
0.616349
0.312664
0.228258
0.117542
0.983028
0.244957
0.825999
0.170926
0.084468
0.112324
0.027961
0.143551
0.451969
0.997983
0.648890
0.005871
0.097834
0.139396
0.967326
0.716933
0.938674
0.060200
0.021743
0.663991
0.059644
0.901569
0.093794
0.897805
0.107205
0.032569
0.784699
0.017632
0.598980
0.032366
0.111169
0.928264
0.998095
0.978903
0.907212
0.012653
0.018222
0.875013
0.841197
0.997422
0.965510
0.330908
0.331575
0.994837
0.039993
0.984245
0.761857
0.305192
0.001812
0.990653
0.584171
0.999384
0.977446
0.970123
0.003538
0.392379
0.023459
0.134077
0.940936
0.121244
0.195506
0.492852
0.094335
0.797203
0.328775
0.991004
0.952461
0.977544
0.232368
0.996736
0.625743
0.326744
0.087346
0.996865
0.097770
0.210245
0.006776
0.810213
0.992351
0.535189
0.008745
0.370896
0.870992
0.429707
0.995188
0.987381
0.006459
0.398043
0.003523
0.949735
0.237790
0.003100
0.275327
0.275592
0.018211
0.534901
0.254301
0.963013
0.068875
0.002791
0.724054
0.407079
0.995109
0.050003
0.887549
0.979266
0.999804
0.143914
0.003225
0.884547
0.981215
0.015627
0.192494
0.988427
0.068909
0.921022
0.387903
0.040936
0.292581
0.316646
0.237949
0.116364
0.359437
0.817308
0.005644
0.482328
0.985886
0.044626
0.774288
0.012278
0.988419
0.987567
0.101805
0.984368
0.874575
0.035934
0.807274
0.922840
0.385502
0.941752
0.258873
0.120985
0.134792
0.937868
0.174295
0.982808
0.971614
0.011093
0.830791
0.858620
0.239156
0.913634
0.086778
0.158406
0.952017
0.041656
0.039280
0.043514
0.170750
0.993330
0.964434
0.124821
0.318521
0.755587
0.309530
0.032126
0.926737
0.079380
0.053577
0.188639
0.015418
0.026481
0.688494
0.444715
0.328929
0.006008
0.984187
0.971877
0.921161
0.927797
0.964530
0.431324
0.186785
0.255177
0.988152
0.002126
0.311850
0.071990
0.934202
0.009511
0.994771
0.972682
0.005382
0.607246
0.087404
0.137461
0.024836
0.974777
0.851455
0.981230
0.134135
0.395397
0.191092
0.627254
0.176542
0.974274
0.894876
0.394290
0.652728
0.048338
0.034746
0.123905
0.853199
0.118398
0.023397
0.018906
0.004803
0.700920
0.985460
0.106801
0.153902
0.110847
0.980595
0.927794
0.290808
0.223583
0.986756
0.882143
0.804274
0.172388
0.410111
0.440290
0.860149
0.941628
0.964763
0.770725
0.995702
0.008388
0.133329
0.544131
0.384456
0.582623
0.262467
0.008584
0.103124
0.029849
0.030718
0.423597
0.669053
0.914555
0.006254
0.915299
0.138291
0.113192
0.878478
0.810481
0.737649
0.079131
0.003474
0.105968
0.116964
0.201408
0.467511
0.003531
0.886348
0.009781
0.002843
0.936763
0.975592
0.024457
0.048156
0.001115
0.028456
0.999222
0.792344
0.776769
0.070525
0.568890
0.384144
0.841045
0.527585
0.962294
0.123086
0.991509
0.918248
0.942926
0.032232
0.931813
0.012294
0.811507
0.940062
0.017457
0.018382
0.982413
0.965660
0.045166
0.268509
0.015788
0.478332
0.165721
0.432268
0.984657
0.918897
0.986101
0.833075
0.978432
0.993551
0.257839
0.967490
0.714792
0.115884
0.380098
0.008544
0.168695
0.732615
0.608298
0.381447
0.382111
0.158095
0.130762
0.034977
0.013084
0.776404
0.812684
0.942823
0.565685
0.380894
0.023232
0.092881
0.366676
0.990272
0.007441
0.197983
0.974699
0.284281
0.974304
0.931021
0.649230
0.929808
0.010802
0.093539
0.853454
0.911182
0.605250
0.940102
0.744631
0.182970
0.999080
0.288367
0.255315
0.016907
0.038405
0.996379
0.052976
0.262501
0.034025
0.062823
0.993804
0.953842
0.017866
0.136616
0.100006
0.884829
0.707679
0.365046
0.989274
0.479791
0.556558
0.039438
0.632167
0.938928
0.904482
0.815303
0.005484
0.998021
0.967008
0.190110
0.317244
0.191596
0.220483
0.863638
0.985265
0.869141
0.980551
0.334449
0.940507
0.180231
0.955098
0.007536
0.003869
0.228743
0.197697
0.056201
0.738738
0.059114
0.017258
0.994151
0.950595
0.379346
0.242440
0.002672
0.110199
0.173257
0.064645
0.974858
0.913824
0.300697
0.995482
0.009703
0.184692
0.229042
0.086871
0.075027
0.436118
0.611792
0.966660
0.633779
0.771686
0.029614
0.899938
0.754498
0.021838
0.058660
0.859946
0.479598
0.106815
0.842957
0.757623
0.308501
0.439940
0.973979
0.134081
0.468701
0.988602
0.111208
0.950685
0.992101
0.332695
0.934750
0.093588
0.926046
0.218569
0.996161
0.770954
0.997478
0.182260
0.030841
0.018209
0.013139
0.518268
0.667009
0.985220
0.924807
0.118413
0.810176
0.010102
0.988894
0.648601
0.709713
0.943460
0.012351
0.051297
0.010086
0.610358
0.445696
0.003726
0.278720
0.943056
0.019142
0.997762
0.997062
0.239621
0.998669
0.177399
0.978075
0.958329
0.294346
0.646364
0.914517
0.693738
0.847213
0.441957
0.985827
0.884177
0.896464
0.945491
0.070225
0.852922
0.554945
0.307483
0.555706
0.378856
0.087020
0.651970
0.183521
0.020780
0.982744
0.782524
0.994216
0.376673
0.006023
0.688630
0.979506
0.981856
0.615845
0.455699
0.990688
0.489120
0.831082
0.218791
0.987119
0.345334
0.487757
0.135089
0.581182
0.972010
0.726430
0.914326
0.988682
0.253994
0.183033
0.189258
0.094122
0.974430
0.873660
0.868639
0.905959
0.975413
0.096557
0.979234
0.064119
0.015823
0.315054
0.857768
0.010567
0.957383
0.998268
0.985161
0.983034
0.203175
0.044928
0.207074
0.989261
0.965950
0.495057
0.922041
0.992970
0.975978
0.177535
0.005976
0.027750
0.024538
0.051756
0.033965
0.983288
0.108102
0.011318
0.814846
0.760171
0.414611
0.694463
0.060106
0.796765
0.170861
0.807710
0.428329
0.978361
0.303640
0.063990
0.285073
0.014872
0.183367
0.192766
0.687739
0.396846
0.858656
0.331860
0.299183
0.543180
0.034438
0.319610
0.810843
0.809591
0.120988
0.671907
0.161716
0.019380
0.018217
0.912947
0.007325
0.594702
0.027755
0.249265
0.182663
0.357470
0.996899
0.401123
0.977888
0.081691
0.263015
0.346860
0.999637
0.773651
0.870657
0.502423
0.674664
0.956661
0.033948
0.801685
0.440800
0.318030
0.849489
0.028816
0.044495
0.519612
0.713641
0.089716
0.043036
0.860566
0.976454
0.935521
0.898984
0.142110
0.117617
0.994066
0.015592
0.282746
0.624108
0.961843
0.998405
0.137668
0.920583
0.900662
0.960362
0.999255
0.230839
0.201726
0.971400
0.140531
0.954545
0.183687
0.118085
0.964354
0.267796
0.998424
0.182140
0.812769
0.950580
0.173178
0.946148
0.548560
0.998992
0.449979
0.925500
0.087401
0.999461
0.423910
0.996364
0.901746
0.154092
0.069640
0.870748
0.090586
0.969980
0.018615
0.177367
0.432229
0.659100
0.698330
0.302314
0.974500
0.937028
0.030805
0.183094
0.994415
0.012652
0.127601
0.920479
0.175064
0.959977
0.286587
0.278740
0.221684
0.583191
0.021410
0.103818
0.087037
0.227166
0.269670
0.996904
0.209448
0.958775
0.046082
0.302429
0.046603
0.923360
0.030781
0.289250
0.788126
0.916078
0.289147
0.622243
0.860035
0.065305
0.856238
0.538312
0.951122
0.663660
0.132315
0.939211
0.011563
0.980087
0.779376
0.003153
0.995216
0.700806
0.668060
0.185999
0.930535
0.429195
0.449977
0.005633
0.945472
0.999046
0.969235
0.782811
0.005937
0.062652
0.367091
0.042950
0.786492
0.413383
0.848055
0.388500
0.014325
0.012578
0.257208
0.523798
0.996969
0.111932
0.620375
0.745628
0.050428
0.893990
0.013558
0.086190
0.955839
0.037920
0.008348
0.790039
0.001730
0.057583
0.750032
0.954852
0.997729
0.840839
0.545298
0.933730
0.137004
0.121008
0.450594
0.121385
0.859339
0.923910
0.985906
0.932088
0.207491
0.023804
0.596967
0.077963
0.955645
0.613168
0.452039
0.959969
0.111712
0.135218
0.003029
0.031963
0.114954
0.011581
0.097465
0.988252
0.009251
0.916555
0.057343
0.722703
0.967734
0.964083
0.819549
0.044980
0.086147
0.043172
0.994467
0.116950
0.974654
0.237158
0.155040
0.906285
0.534286
0.872262
0.666884
0.609768
0.866262
0.021814
0.880902
0.297627
0.972429
0.443154
0.026352
0.206523
0.997593
0.919321
0.161243
0.849921
0.116454
0.273471
0.494667
0.692825
0.104778
0.796681
0.339378
0.976254
0.997933
0.095473
0.497107
0.354726
0.972053
0.997459
0.834934
0.423591
0.325596
0.791039
0.078342
0.432517
0.992197
0.163953
0.970458
0.973463
0.320120
0.497021
0.220712
0.029929
0.627389
0.060416
0.905523
0.992605
0.988386
0.994893
0.796074
0.039419
0.991362
0.025538
0.985824
0.991156
0.014357
0.278023
0.994908
0.987035
0.272672
0.905144
0.996923
0.934884
0.995230
0.932339
0.055129
0.019420
0.362168
0.089763
0.988140
0.534367
0.919210
0.175401
0.986977
0.032999
0.823903
0.938811
0.711788
0.033490
0.121987
0.999474
0.022852
0.036034
0.165825
0.521464
0.010566
0.264910
0.002899
0.403382
0.039090
0.052299
0.951774
0.990540
0.823818
0.084238
0.346992
0.090329
0.149777
0.977935
0.996973
0.009771
0.788558
0.545747
0.195754
0.039359
0.071836
0.092961
0.090317
0.974289
0.650334
0.178771
0.357515
0.665692
0.946456
0.931871
0.110821
0.998904
0.696749
0.576665
0.447586
0.090975
0.113597
0.736573
0.091133
0.935647
0.028368
0.053686
0.718905
0.057390
0.950989
0.071209
0.997854
0.687519
0.110383
0.094547
0.919197
0.946387
0.817247
0.784956
0.994627
0.052773
0.017225
0.999415
0.657901
0.148224
0.989830
0.165113
0.962677
0.977294
0.016268
0.950893
0.831865
0.244869
0.815436
0.278972
0.319566
0.104024
0.007375
0.933446
0.105160
0.015971
0.005116
0.286589
0.910999
0.690402
0.457165
0.009807
0.454773
0.994019
0.975614
0.876199
0.180243
0.999121
0.417078
0.454737
0.338077
0.750682
0.318150
0.014821
0.452576
0.037305
0.389826
0.705187
0.073691
0.193023
0.189703
0.994924
0.050121
0.906868
0.188522
0.042618
0.928170
0.239585
0.957567
0.502099
0.113193
0.985372
0.996659
0.150838
0.933847
0.998491
0.004153
0.144382
0.106839
0.087005
0.221851
0.038842
0.345805
0.950518
0.702746
0.837090
0.972295
0.994705
0.068905
0.198268
0.822297
0.193159
0.234546
0.965222
0.998555
0.891551
0.303438
0.948352
0.013816
0.261040
0.984831
0.941397
0.442550
0.932027
0.974327
0.105825
0.498961
0.029127
0.020997
0.673650
0.231579
0.980377
0.791663
0.016082
0.197285
0.034409
0.976554
0.095203
0.967661
0.142979
0.979927
0.987452
0.707388
0.982653
0.011752
0.486653
0.116835
0.976182
0.860460
0.997555
0.967392
0.432471
0.983856
0.012299
0.007290
0.023684
0.587435
0.205967
0.007355
0.364727
0.604031
0.030974
0.100677
0.032100
0.967009
0.540437
0.520305
0.999150
0.229994
0.016951
0.986089
0.000976
0.228172
0.977954
0.990819
0.494204
0.315293
0.792963
0.544637
0.650223
0.446234
0.045754
0.216454
0.966979
0.155661
0.831128
0.011436
0.616199
0.497529
0.017306
0.903974
0.989356
0.547096
0.086881
0.021149
0.994667
0.955044
0.565328
0.038448
0.366229
0.993352
0.053708
0.270954
0.982767
0.968332
0.418080
0.995621
0.499656
0.587384
0.091052
0.899048
0.096525
0.011289
0.915504
0.013875
0.947844
0.054404
0.447435
0.728785
0.983056
0.315663
0.039994
0.065283
0.208333
0.937190
0.971404
0.774478
0.678299
0.187353
0.038815
0.750875
0.573478
0.436163
0.171689
0.243343
0.732834
0.231381
0.983908
0.990295
0.101886
0.529581
0.912553
0.005450
0.970514
0.312435
0.156504
0.961584
0.896222
0.869292
0.980573
0.010514
0.084669
0.689654
0.316802
0.914184
0.998648
0.005020
0.042101
0.116280
0.836754
0.609500
0.404059
0.209355
0.331423
0.098111
0.079150
0.148391
0.953739
0.842063
0.007143
0.031232
0.004255
0.678636
0.959592
0.087107
0.028899
0.009845
0.032158
0.031256
0.943341
0.172009
0.993273
0.033541
0.313721
0.271732
0.554036
0.145125
0.688991
0.868704
0.879328
0.053330
0.811621
0.174241
0.999746
0.403135
0.804307
0.709732
0.055092
0.761106
0.462599
0.008848
0.943034
0.036571
0.135385
0.198381
0.889184
0.211799
0.432945
0.269856
0.208114
0.968737
0.995620
0.304642
0.435532
0.886623
0.626417
0.422093
0.991478
0.308011
0.135847
0.037129
0.739029
0.983074
0.082871
0.085806
0.079602
0.973794
0.984906
0.946061
0.875832
0.957363
0.913525
0.181925
0.296520
0.047739
0.814076
0.211833
0.996836
0.019119
0.415152
0.896866
0.993282
0.088721
0.996455
0.978145
0.206719
0.033286
0.166955
0.513124
0.992753
0.988034
0.114133
0.993686
0.611803
0.022855
0.048075
0.995322
0.789136
0.068665
0.046684
0.097895
0.003433
0.780249
0.277952
0.016435
0.769495
0.995109
0.152774
0.746092
0.945875
0.132650
0.893738
0.024824
0.370482
0.994954
0.998262
0.405468
0.973389
0.642461
0.174172
0.916808
0.559575
0.976077
0.084634
0.930456
0.936308
0.916317
0.037554
0.770932
0.011473
0.185124
0.744217
0.450359
0.955345
0.227418
0.986340
0.655563
0.009609
0.122827
0.440181
0.675054
0.139318
0.783359
0.901437
0.938890
0.045910
0.227970
0.985851
0.999729
0.182864
0.665996
0.254838
0.078486
0.909281
0.053861
0.029286
0.394374
0.993196
0.053065
0.122817
0.879731
0.019956
0.245663
0.824939
0.876281
0.006516
0.209542
0.131528
0.849789
0.950844
0.078538
0.570809
0.084882
0.126085
0.901516
0.065114
0.363866
0.993591
0.981861
0.959493
0.908407
0.733550
0.983227
0.104207
0.198269
0.486105
0.307136
0.061864
0.969808
0.997910
0.941643
0.118273
0.337595
0.995020
0.040857
0.806056
0.443478
0.127981
0.982731
0.148557
0.109844
0.758222
0.983328
0.012605
0.772632
0.041835
0.331707
0.013033
0.160283
0.013136
0.715820
0.371038
0.905474
0.816290
0.014922
0.051665
0.265574
0.931977
0.880025
0.627337
0.576140
0.884502
0.942128
0.784328
0.980317
0.976580
0.006632
0.009557
0.993743
0.994858
0.170832
0.398465
0.221845
0.011819
0.915876
0.001223
0.029051
0.942127
0.786245
0.979119
0.240143
0.117926
0.531885
0.886385
0.910917
0.898715
0.562689
0.801311
0.057239
0.024402
0.890964
0.575706
0.050476
0.947838
0.300002
0.084016
0.001059
0.571685
0.136871
0.738090
0.999846
0.400143
0.849837
0.941550
0.056980
0.000530
0.846429
0.069280
0.297363
0.996958
0.241364
0.142059
0.442517
0.899110
0.672914
0.135355
0.690122
0.720582
0.177142
0.009893
0.728310
0.950707
0.832940
0.994185
0.955711
0.942125
0.144665
0.862877
0.976091
0.818507
0.995878
0.608178
0.785019
0.481115
0.998458
0.020783
0.456432
0.794915
0.338240
0.789694
0.071767
0.368614
0.953139
0.947260
0.261370
0.379823
0.315362
0.621262
0.281705
0.934173
0.390083
0.665278
0.005877
0.018431
0.926606
0.187042
0.989349
0.126950
0.082700
0.061153
0.088800
0.075706
0.382968
0.005203
0.008553
0.966395
0.840928
0.784941
0.997644
0.022067
0.969883
0.466622
0.960026
0.145634
0.219436
0.004936
0.058381
0.981272
0.754473
0.913479
0.439401
0.005366
0.460813
0.002990
0.219800
0.975814
0.963740
0.217833
0.829264
0.986697
0.152678
0.987295
0.173083
0.874295
0.867011
0.081622
0.041371
0.932013
0.961864
0.987235
0.088609
0.913987
0.437033
0.657171
0.168056
0.956252
0.961718
0.996829
0.994046
0.390859
0.108092
0.254517
0.979806
0.324801
0.049897
0.217473
0.610801
0.864479
0.722708
0.975383
0.059994
0.818106
0.997374
0.966644
0.002241
0.998487
0.027522
0.975771
0.149707
0.269163
0.960959
0.288114
0.764897
0.011107
0.812999
0.768302
0.002404
0.036962
0.007344
0.002581
0.260142
0.996150
0.982693
0.165675
0.707253
0.014286
0.085275
0.024654
0.003955
0.210989
0.052943
0.777748
0.841445
0.799430
0.539330
0.007839
0.766506
0.995965
0.175046
0.032332
0.083635
0.999002
0.124247
0.705891
0.854835
0.018161
0.781163
0.984586
0.502804
0.322394
0.761653
0.902095
0.658944
0.074847
0.071681
0.017262
0.302138
0.007521
0.565825
0.345108
0.656331
0.033496
0.160669
0.955837
0.004415
0.995272
0.730892
0.801690
0.391733
0.373306
0.004636
0.958647
0.079185
0.848493
0.001221
0.038210
0.004981
0.201336
0.966878
0.932806
0.076066
0.021204
0.967594
0.674969
0.998953
0.543681
0.093308
0.004120
0.993143
0.630934
0.011717
0.441123
0.011261
0.917086
0.807075
0.362611
0.843687
0.992381
0.552878
0.143272
0.997318
0.027016
0.126650
0.320378
0.472927
0.889864
0.909439
0.733679
0.333783
0.064886
0.869297
0.994681
0.204794
0.949580
0.857628
0.025592
0.990350
0.036584
0.933998
0.994417
0.793747
0.025914
0.385688
0.003489
0.108781
0.023149
0.338973
0.022525
0.558443
0.339748
0.041124
0.147007
0.995383
0.032275
0.986479
0.042493
0.327661
0.198299
0.034976
0.032272
0.580261
0.740858
0.385566
0.159086
0.574694
0.375682
0.207303
0.024376
0.502064
0.996497
0.076685
0.982344
0.245255
0.259057
0.963918
0.928397
0.002657
0.982011
0.997142
0.172436
0.120633
0.005751
0.657937
0.060406
0.049288
0.065399
0.116443
0.904288
0.638384
0.243254
0.141533
0.048487
0.989881
0.687894
0.902084
0.395743
0.407862
0.026093
0.231737
0.330558
0.777607
0.014287
0.599744
0.129333
0.974851
0.989684
0.582507
0.163800
0.979742
0.015422
0.004017
0.659410
0.998708
0.971463
0.984113
0.572701
0.029797
0.009461
0.915056
0.266211
0.000538
0.517513
0.015461
0.012190
0.189271
0.047788
0.008711
0.933384
0.020531
0.770862
0.051266
0.167432
0.841734
0.914589
0.990832
0.829139
0.400936
0.966863
0.997591
0.113404
0.106022
0.750153
0.783671
0.999283
0.703005
0.975860
0.058645
0.201813
0.017877
0.899547
0.127007
0.239068
0.024024
0.123186
0.978381
0.443566
0.970959
0.998099
0.409400
0.021711
0.998472
0.007614
0.600075
0.701778
0.997238
0.118760
0.025329
0.329666
0.986198
0.056323
0.668428
0.331344
0.000344
0.431268
0.033616
0.080537
0.319903
0.862857
0.389876
0.200999
0.537172
0.523526
0.804496
0.151474
0.224030
0.770310
0.960027
0.701799
0.043914
0.780617
0.177379
0.995522
0.198894
0.972337
0.520319
0.000230
0.149137
0.974292
0.030212
0.981723
0.012416
0.935008
0.212587
0.862452
0.692443
0.210710
0.016580
0.226431
0.300309
0.018236
0.980429
0.861474
0.609158
0.874676
0.412311
0.933656
0.071087
0.819540
0.805952
0.459415
0.010853
0.965856
0.064646
0.995655
0.330650
0.047120
0.980513
0.060169
0.867074
0.429731
0.350828
0.857180
0.883473
0.638065
0.077104
0.097750
0.140301
0.088154
0.992698
0.802688
0.893292
0.021362
0.280276
0.638074
0.620642
0.374444
0.000997
0.009933
0.709495
0.662944
0.627651
0.211262
0.979800
0.891319
0.829517
0.360959
0.867486
0.073608
0.647699
0.995940
0.737107
0.106621
0.432697
0.305224
0.904714
0.160689
0.845605
0.992825
0.148941
0.919992
0.030861
0.100796
0.999240
0.818645
0.419645
0.932336
0.985259
0.916165
0.002493
0.972356
0.021977
0.028977
0.294086
0.987743
0.972652
0.683233
0.143965
0.310266
0.150927
0.039655
0.811730
0.351494
0.793517
0.072020
0.015124
0.682887
0.875450
0.995316
0.818661
0.342567
0.018506
0.320639
0.983239
0.466028
0.097608
0.007280
0.736553
0.988618
0.003913
0.974230
0.883114
0.087900
0.095283
0.150523
0.293005
0.978598
0.998740
0.166479
0.136494
0.887296
0.992368
0.194247
0.439831
0.993684
0.380130
0.975260
0.060500
0.103905
0.059129
0.963354
0.258655
0.148147
0.069509
0.487344
0.982467
0.833699
0.167581
0.009394
0.121261
0.065660
0.037088
0.918038
0.424174
0.138770
0.759201
0.005974
0.015234
0.866836
0.002592
0.641966
0.520619
0.123816
0.037234
0.231357
0.092833
0.997830
0.077801
0.226871
0.781830
0.785528
0.967108
0.994360
0.129935
0.171377
0.041864
0.346844
0.993129
0.018261
0.947980
0.991732
0.458320
0.784966
0.097079
0.984057
0.269978
0.047409
0.550632
0.792530
0.623419
0.142272
0.988154
0.007884
0.022643
0.191955
0.081437
0.006094
0.433344
0.893587
0.142844
0.562349
0.661499
0.994041
0.910690
0.944656
0.262160
0.984042
0.091888
0.073862
0.258026
0.650212
0.044685
0.833622
0.441869
0.118078
0.994925
0.328738
0.926901
0.495839
0.072094
0.996561
0.313845
0.002535
0.190428
0.955168
0.949502
0.955882
0.514274
0.389830
0.062940
0.002320
0.035977
0.726570
0.013561
0.618753
0.996801
0.901760
0.992069
0.460698
0.156270
0.865145
0.976784
0.998698
0.999478
0.054691
0.092273
0.999826
0.003475
0.923148
0.050213
0.008499
0.076584
0.983805
0.034915
0.071418
0.081718
0.015696
0.024130
0.234694
0.992725
0.973791
0.968469
0.501607
0.043033
0.536757
0.290408
0.014492
0.990364
0.626883
0.995272
0.199515
0.988894
0.445966
0.986237
0.091267
0.990761
0.995868
0.919674
0.497151
0.135308
0.160172
0.391250
0.845058
0.081488
0.153812
0.001456
0.816572
0.954413
0.848247
0.705432
0.382802
0.291564
0.968221
0.322873
0.910139
0.007788
0.228574
0.644906
0.885695
0.909396
0.004175
0.984502
0.265221
0.852659
0.015022
0.969675
0.010444
0.045223
0.374309
0.020895
0.812094
0.844963
0.167799
0.497436
0.657204
0.994387
0.224903
0.529758
0.028819
0.969676
0.348395
0.753745
0.103822
0.000943
0.027523
0.326791
0.992634
0.114506
0.907813
0.884859
0.927688
0.138639
0.673921
0.309721
0.069318
0.792269
0.750596
0.871537
0.942760
0.944415
0.853147
0.588686
0.785086
0.000532
0.108336
0.075925
0.848639
0.062548
0.483926
0.030981
0.906211
0.952893
0.011918
0.218473
0.806428
0.487503
0.867082
0.732150
0.010032
0.030175
0.446277
0.393300
0.352082
0.408604
0.534969
0.425027
0.187670
0.832606
0.988224
0.010211
0.968017
0.197410
0.989887
0.005780
0.910259
0.954068
0.989840
0.007412
0.834802
0.186497
0.805704
0.978836
0.942052
0.524643
0.686200
0.742871
0.886465
0.010652
0.965278
0.139094
0.885505
0.840316
0.057730
0.221958
0.966113
0.019416
0.185602
0.055351
0.109079
0.173852
0.061881
0.984962
0.936542
0.284868
0.006096
0.996977
0.012575
0.852789
0.922792
0.904479
0.985991
0.974982
0.666246
0.997949
0.997650
0.992792
0.953574
0.035292
0.511567
0.788126
0.984453
0.161124
0.296549
0.583766
0.242595
0.073988
0.172694
0.012313
0.106982
0.280226
0.104067
0.243251
0.026320
0.119708
0.059170
0.477972
0.020647
0.319302
0.998836
0.239990
0.041315
0.977210
0.840634
0.948720
0.008049
0.986935
0.956281
0.081926
0.924803
0.055184
0.807480
0.531091
0.246016
0.324758
0.121830
0.993940
0.343099
0.018104
0.112570
0.982421
0.820028
0.797862
0.158758
0.983988
0.150561
0.750829
0.515870
0.181347
0.097004
0.555508
0.119393
0.902872
0.051822
0.065889
0.705108
0.928614
0.926740
0.004183
0.510181
0.525771
0.126087
0.045911
0.089939
0.457788
0.941445
0.767619
0.036448
0.789345
0.155376
0.057124
0.986477
0.993185
0.675445
0.992609
0.997120
0.174031
0.382052
0.097707
0.057029
0.064753
0.985032
0.815038
0.107514
0.259878
0.998791
0.774257
0.912003
0.857311
0.902810
0.802285
0.893746
0.830554
0.884810
0.017660
0.270948
0.791864
0.933592
0.303715
0.968792
0.951105
0.630746
0.997757
0.834299
0.026424
0.829522
0.438972
0.010322
0.703059
0.979706
0.704046
0.968150
0.361324
0.062337
0.549726
0.137150
0.694273
0.710924
0.017672
0.857643
0.996558
0.943351
0.268903
0.064668
0.788344
0.837887
0.507408
0.393946
0.043728
0.256001
0.998583
0.050181
0.016838
0.938069
0.688795
0.151258
0.790010
0.953913
0.021768
0.223540
0.924128
0.989524
0.354748
0.815760
0.267655
0.093126
0.922093
0.039936
0.006392
0.189279
0.741987
0.573241
0.702607
0.118726
0.491272
0.944020
0.886333
0.976656
0.016439
0.800871
0.384924
0.147584
0.964256
0.148943
0.548845
0.255932
0.173588
0.999121
0.279011
0.544879
0.979645
0.941412
0.981768
0.056958
0.970807
0.985218
0.210326
0.261744
0.923037
0.018635
0.175684
0.740495
0.025034
0.865316
0.294773
0.995839
0.987373
0.004037
0.990712
0.967974
0.529302
0.698169
0.578108
0.814700
0.585361
0.083039
0.723690
0.020411
0.976720
0.977737
0.029180
0.287815
0.458473
0.068021
0.716166
0.758167
0.998211
0.079743
0.891114
0.175024
0.234684
0.756380
0.826148
0.058968
0.955442
0.044359
0.022933
0.927049
0.213640
0.679971
0.019376
0.128554
0.088590
0.280173
0.329472
0.010352
0.883249
0.383960
0.949523
0.332797
0.035353
0.834782
0.380036
0.963132
0.120098
0.305270
0.246193
0.241339
0.055852
0.965518
0.195758
0.013780
0.296227
0.272970
0.014993
0.808125
0.972814
0.076636
0.046541
0.221664
0.970222
0.863349
0.183774
0.964772
0.916755
0.080613
0.911879
0.075106
0.929666
0.353713
0.891168
0.922630
0.952479
0.066893
0.862423
0.189149
0.456396
0.190844
0.159201
0.000481
0.401946
0.734908
0.370513
0.289042
0.978550
0.073730
0.879841
0.825491
0.886928
0.904380
0.998532
0.979805
0.055284
0.878126
0.989789
0.573237
0.793528
0.908702
0.418029
0.049571
0.833187
0.944379
0.340923
0.074714
0.052528
0.061338
0.508669
0.100999
0.969999
0.172116
0.262193
0.519242
0.889364
0.073424
0.082919
0.920642
0.114327
0.836104
0.987025
0.103974
0.058224
0.501608
0.958222
0.134659
0.318502
0.003794
0.779196
0.752013
0.348639
0.030037
0.680954
0.800413
0.098675
0.002917
0.377061
0.212252
0.000256
0.993349
0.550809
0.249906
0.006717
0.126050
0.418218
0.033263
0.342235
0.050335
0.064150
0.829639
0.346906
0.542697
0.969019
0.065287
0.042926
0.877795
0.253870
0.008926
0.949757
0.955761
0.176428
0.890224
0.925493
0.074988
0.077979
0.012441
0.924492
0.037922
0.294719
0.069518
0.553547
0.562601
0.567963
0.026174
0.984040
0.754267
0.193344
0.791112
0.089309
0.217755
0.943924
0.874292
0.328364
0.079876
0.988973
0.432078
0.952682
0.727839
0.160232
0.147330
0.947478
0.064053
0.083424
0.991582
0.864969
0.185144
0.998456
0.164824
0.166712
0.793458
0.867909
0.048953
0.019835
0.041112
0.959844
0.925912
0.012334
0.541723
0.997456
0.667933
0.071257
0.002449
0.999617
0.778740
0.637899
0.487933
0.249114
0.150017
0.191088
0.956306
0.007944
0.194842
0.079018
0.009667
0.990684
0.428619
0.890969
0.653724
0.026051
0.484485
0.449899
0.997193
0.204925
0.377660
0.994531
0.980718
0.978769
0.545250
0.216226
0.905681
0.220010
0.310532
0.248780
0.032783
0.228401
0.006558
0.925537
0.123360
0.989774
0.994443
0.792423
0.920872
0.945905
0.304752
0.023916
0.204611
0.455676
0.053193
0.636607
0.010300
0.618899
0.940090
0.156083
0.629899
0.337301
0.995138
0.035784
0.642950
0.393194
0.276431
0.524715
0.952459
0.310041
0.892201
0.976340
0.879705
0.937230
0.130333
0.054087
0.221321
0.374438
0.001715
0.442443
0.184798
0.720946
0.924437
0.011056
0.971333
0.003415
0.244632
0.704505
0.596586
0.094781
0.996919
0.916817
0.609088
0.980532
0.034215
0.100182
0.144050
0.999915
0.443844
0.989446
0.101745
0.280020
0.949759
0.925160
0.484732
0.955010
0.108837
0.053604
0.271096
0.024318
0.236583
0.886539
0.999561
0.720308
0.010028
0.957730
0.223774
0.260538
0.896738
0.981097
0.003847
0.781017
0.046183
0.981427
0.997818
0.052818
0.346532
0.717798
0.909127
0.067054
0.064396
0.189592
0.182800
0.347496
0.686884
0.150870
0.187538
0.246637
0.815390
0.975438
0.004834
0.087827
0.941806
0.038571
0.274550
0.361154
0.279989
0.918500
0.969769
0.120341
0.990387
0.856961
0.150472
0.006544
0.885620
0.579039
0.522087
0.020989
0.992554
0.013050
0.119866
0.025554
0.999310
0.883616
0.012289
0.218424
0.964165
0.966351
0.593143
0.045164
0.998919
0.578909
0.532661
0.305694
0.153322
0.044687
0.076572
0.012903
0.124525
0.023869
0.504288
0.153581
0.985402
0.735744
0.972450
0.999628
0.358775
0.305400
0.946759
0.166569
0.270897
0.624257
0.123659
0.384497
0.002179
0.157992
0.823780
0.987225
0.012783
0.956691
0.770991
0.338591
0.348002
0.382369
0.012665
0.988600
0.887464
0.827775
0.443414
0.989730
0.561495
0.046387
0.945849
0.964413
0.031376
0.967300
0.016509
0.016545
0.292201
0.073802
0.886684
0.139599
0.968433
0.008577
0.980712
0.246008
0.077423
0.945543
0.001642
0.944327
0.023477
0.952853
0.971139
0.025722
0.994420
0.328886
0.815975
0.106266
0.028369
0.237122
0.032954
0.918393
0.303546
0.620438
0.940660
0.565346
0.980159
0.008241
0.615431
0.013717
0.004583
0.247509
0.432680
0.439644
0.036328
0.628215
0.142543
0.127417
0.179246
0.801610
0.464362
0.997870
0.985964
0.072224
0.205259
0.926644
0.006914
0.913954
0.598350
0.020401
0.125350
0.999604
0.568250
0.986519
0.062024
0.952845
0.136802
0.603501
0.426960
0.045355
0.902944
0.153383
0.727046
0.093576
0.874371
0.997660
0.097290
0.973127
0.368046
0.004761
0.045405
0.788032
0.810938
0.169725
0.069636
0.119032
0.982107
0.077923
0.274294
0.040130
0.807748
0.023653
0.988023
0.162230
0.976675
0.701525
0.595703
0.932276
0.338817
0.023818
0.005679
0.077110
0.348538
0.020044
0.100089
0.814329
0.042909
0.247791
0.752208
0.877452
0.022882
0.156878
0.927502
0.393787
0.671422
0.019582
0.013515
0.799619
0.952486
0.743728
0.084559
0.422110
0.871397
0.294980
0.029444
0.994106
0.996450
0.342901
0.023329
0.051601
0.204883
0.121021
0.011887
0.992806
0.312047
0.259961
0.105116
0.119508
0.890454
0.031084
0.970705
0.146006
0.986471
0.986565
0.021022
0.398479
0.007716
0.853124
0.487271
0.478743
0.116695
0.314946
0.499871
0.039110
0.941380
0.962306
0.068365
0.782024
0.033640
0.125023
0.355584
0.960311
0.882900
0.015553
0.018040
0.575126
0.993506
0.269504
0.773177
0.719371
0.043514
0.058847
0.764351
0.013188
0.997797
0.534230
0.987713
0.031156
0.976388
0.149976
0.978240
0.989526
0.413196
0.027398
0.366742
0.963599
0.773367
0.977098
0.957737
0.994098
0.701422
0.242034
0.957398
0.299266
0.128080
0.830829
0.998520
0.603234
0.015377
0.086221
0.103736
0.196662
0.978056
0.764749
0.933254
0.076542
0.911199
0.100570
0.389976
0.987484
0.008232
0.984800
0.942125
0.696451
0.996033
0.305915
0.896794
0.965536
0.143788
0.816620
0.143108
0.841737
0.999697
0.194935
0.080430
0.994234
0.939352
0.984262
0.212412
0.823756
0.005825
0.004233
0.954197
0.977293
0.079804
0.151685
0.976731
0.289018
0.021396
0.211108
0.999427
0.239763
0.851818
0.034625
0.113910
0.633831
0.783963
0.987343
0.067398
0.087210
0.907252
0.178351
0.340684
0.075936
0.911267
0.015209
0.825529
0.994560
0.986188
0.930834
0.968733
0.279316
0.680018
0.920663
0.696582
0.725216
0.387711
0.969564
0.021952
0.029054
0.400343
0.900043
0.564306
0.839391
0.189498
0.108542
0.035141
0.029449
0.639499
0.097954
0.575575
0.738065
0.956773
0.125790
0.976026
0.114917
0.008125
0.231792
0.011410
0.887868
0.734312
0.995326
0.607905
0.033171
0.367970
0.996660
0.843907
0.063603
0.527179
0.209316
0.784924
0.989158
0.992138
0.881119
0.989195
0.152522
0.459366
0.018708
0.007118
0.976210
0.140426
0.711955
0.986586
0.445476
0.819298
0.086139
0.004029
0.286152
0.993910
0.761271
0.456122
0.251118
0.906744
0.216263
0.918736
0.973594
0.758252
0.151203
0.139519
0.187281
0.997812
0.375143
0.813091
0.590423
0.973563
0.744076
0.120407
0.999847
0.108750
0.895161
0.838702
0.171654
0.996593
0.561072
0.716234
0.225865
0.017366
0.972139
0.271691
0.989514
0.473614
0.119324
0.057609
0.871540
0.957477
0.990486
0.261530
0.635016
0.946725
0.062834
0.999117
0.994422
0.944996
0.427671
0.377749
0.999281
0.996004
0.281479
0.991626
0.878714
0.778614
0.099541
0.273479
0.997932
0.024035
0.385156
0.343567
0.869342
0.656613
0.970723
0.230268
0.863059
0.952855
0.888806
0.429480
0.239660
0.497429
0.014727
0.989707
0.075330
0.059941
0.404583
0.891076
0.153661
0.954556
0.842590
0.005997
0.065416
0.024441
0.996612
0.429974
0.915913
0.989191
0.021426
0.766909
0.979988
0.027429
0.989181
0.615981
0.109618
0.013507
0.007813
0.610741
0.440335
0.941757
0.420200
0.293178
0.666890
0.075187
0.973785
0.996668
0.055464
0.633349
0.036208
0.384648
0.587463
0.016146
0.999002
0.212508
0.923585
0.839779
0.532323
0.985570
0.888979
0.935087
0.917314
0.575605
0.795762
0.183971
0.010743
0.896258
0.995710
0.019032
0.982358
0.646682
0.010938
0.964722
0.281273
0.024292
0.327594
0.970336
0.819016
0.384562
0.828216
0.011153
0.257585
0.663917
0.990412
0.933432
0.120225
0.115392
0.323380
0.019889
0.024991
0.536850
0.568434
0.622276
0.518420
0.547466
0.997358
0.176143
0.980277
0.277227
0.490899
0.248476
0.201807
0.056243
0.829691
0.877244
0.456210
0.256692
0.971706
0.763735
0.994356
0.160700
0.137617
0.986333
0.163279
0.260875
0.056848
0.990533
0.736301
0.969775
0.978139
0.045910
0.262711
0.209665
0.062028
0.212424
0.983150
0.725193
0.530398
0.063282
0.045591
0.022764
0.250591
0.871512
0.065134
0.223945
0.999465
0.959282
0.900183
0.994144
0.999653
0.931009
0.321410
0.013433
0.929684
0.238515
0.840525
0.013898
0.234001
0.842266
0.092389
0.782639
0.604373
0.827965
0.797415
0.011385
0.983794
0.011657
0.008324
0.257577
0.009467
0.063516
0.002685
0.705477
0.351524
0.256205
0.512245
0.386069
0.937194
0.719841
0.034296
0.075102
0.011422
0.975679
0.113881
0.920075
0.042202
0.973889
0.196132
0.405729
0.964021
0.886873
0.785915
0.108108
0.298909
0.185043
0.974792
0.382092
0.066741
0.926868
0.015759
0.707912
0.585205
0.684344
0.462089
0.960700
0.591341
0.024567
0.961023
0.023390
0.906740
0.107924
0.993618
0.014347
0.924711
0.006860
0.987864
0.113075
0.558661
0.403748
0.996989
0.551965
0.268549
0.997994
0.984413
0.075629
0.972283
0.915963
0.403663
0.031983
0.073102
0.998570
0.176391
0.020754
0.811461
0.108711
0.974007
0.307101
0.146042
0.140041
0.181471
0.507855
0.994366
0.526372
0.163735
0.905844
0.820534
0.043072
0.122582
0.093981
0.662731
0.829273
0.728235
0.984421
0.977771
0.898646
0.001959
0.284670
0.997890
0.089648
0.311438
0.038213
0.958591
0.748466
0.047954
0.036537
0.998079
0.064212
0.907764
0.988505
0.135515
0.972561
0.069876
0.162050
0.984419
0.463244
0.894595
0.946704
0.995453
0.643432
0.963072
0.141836
0.987143
0.826774
0.146978
0.227311
0.455606
0.060856
0.339062
0.964451
0.069487
0.021546
0.251359
0.457754
0.037527
0.537523
0.223171
0.717835
0.051879
0.007139
0.399524
0.078169
0.135175
0.130705
0.998170
0.996290
0.645170
0.148543
0.935028
0.216684
0.055407
0.093220
0.319664
0.189560
0.924948
0.129272
0.870569
0.798214
0.980597
0.982296
0.950247
0.786668
0.371114
0.004085
0.957885
0.924512
0.255633
0.062936
0.007562
0.039554
0.834146
0.975323
0.996621
0.021404
