0.391967
0.998732
0.038109
0.993077
0.005343
0.005069
0.998819
0.006780
0.000290
0.996762
0.997018
0.992686
0.973902
0.998281
0.116846
0.990494
0.546716
0.706132
0.011704
0.994128
0.990381
0.998263
0.994195
0.000340
0.001478
0.000534
0.998329
0.999183
0.998598
0.933568
0.001082
0.263555
0.999043
0.031334
0.124598
0.998525
0.999465
0.999443
0.001744
0.000518
0.992944
0.013926
0.008269
0.967388
0.045068
0.350829
0.912446
0.007250
0.113275
0.983128
0.991329
0.068642
0.004178
0.008081
0.999428
0.001523
0.027318
0.019144
0.000648
0.993023
0.303049
0.974909
0.022436
0.955818
0.024250
0.096666
0.012605
0.997687
0.998133
0.998827
0.000600
0.977291
0.003776
0.000483
0.002254
0.997760
0.000570
0.902495
0.999526
0.001005
0.999192
0.996329
0.153331
0.000648
0.953015
0.998232
0.997828
0.028528
0.001765
0.052696
0.028479
0.155334
0.954232
0.046019
0.008355
0.019036
0.001066
0.777822
0.891699
0.000319
0.004347
0.173885
0.999326
0.996355
0.995540
0.001737
0.002189
0.998956
0.009475
0.030878
0.000467
0.800341
0.998770
0.002913
0.998041
0.001147
0.001099
0.004568
0.845347
0.796242
0.006456
0.601479
0.995408
0.998196
0.000515
0.917194
0.000376
0.752461
0.994637
0.000589
0.057121
0.282544
0.002447
0.046296
0.998181
0.033340
0.998892
0.487034
0.810381
0.078645
0.751468
0.988013
0.998540
0.943096
0.996655
0.003427
0.091464
0.996268
0.615041
0.955790
0.932258
0.185768
0.169074
0.994066
0.240518
0.038132
0.026914
0.040950
0.996618
0.724320
0.077607
0.995652
0.004797
0.260005
0.996848
0.990685
0.999096
0.159281
0.016831
0.003852
0.051210
0.995109
0.798435
0.012292
0.050876
0.955062
0.036110
0.665400
0.028806
0.994237
0.869314
0.999238
0.999110
0.015606
0.026579
0.023740
0.835255
0.085214
0.999013
0.003418
0.998953
0.998502
0.997414
0.924939
0.000679
0.002511
0.990751
0.013684
0.843865
0.006968
0.998748
0.619886
0.998985
0.021627
0.995561
0.995327
0.000850
0.663177
0.765108
0.000480
0.994737
0.860631
0.592690
0.187826
0.046861
0.013781
0.308874
0.005138
0.934751
0.053256
0.998994
0.816449
0.997334
0.997684
0.993216
0.997940
0.025461
0.024574
0.967473
0.009138
0.998986
0.995338
0.000830
0.001624
0.981218
0.010493
0.023141
0.027527
0.935710
0.646847
0.916570
0.004591
0.356059
0.998580
0.018308
0.961752
0.001170
0.001002
0.007247
0.996940
0.000346
0.999264
0.011956
0.757547
0.998592
0.991567
0.004888
0.997001
0.000336
0.999389
0.999020
0.001045
0.001886
0.129430
0.994475
0.998351
0.000701
0.999333
0.653489
0.995441
0.001901
0.985541
0.138352
0.001836
0.004244
0.000431
0.999286
0.047397
0.998651
0.999282
0.040627
0.012092
0.000999
0.997076
0.043323
0.567053
0.009083
0.000833
0.977420
0.996212
0.996295
0.973648
0.760688
0.997555
0.980595
0.004261
0.999160
0.963351
0.002217
0.999070
0.986662
0.996653
0.000511
0.998208
0.994089
0.919765
0.928305
0.016939
0.974124
0.991131
0.583971
0.021198
0.008065
0.477273
0.002534
0.001848
0.045887
0.984215
0.997197
0.000282
0.981631
0.002258
0.008511
0.005423
0.000284
0.985330
0.001635
0.976636
0.947589
0.983425
0.013421
0.004484
0.002041
0.001254
0.005217
0.013144
0.996707
0.000814
0.998276
0.001230
0.997590
0.590458
0.002129
0.997099
0.010602
0.019173
0.025123
0.023737
0.984008
0.981900
0.983287
0.000493
0.998523
0.001934
0.007668
0.998787
0.000604
0.013233
0.749160
0.067505
0.002863
0.000257
0.999526
0.002674
0.997820
0.995988
0.000340
0.058859
0.003461
0.026293
0.991714
0.936869
0.320381
0.102798
0.471865
0.004465
0.995349
0.986278
0.997999
0.978440
0.036750
0.898899
0.011330
0.989117
0.006062
0.995854
0.952753
0.998659
0.218660
0.011673
0.002979
0.823969
0.002809
0.000456
0.984457
0.001226
0.001180
0.006127
0.001226
0.002346
0.980204
0.018950
0.003423
0.892931
0.003072
0.000833
0.000660
0.003180
0.996263
0.999618
0.972903
0.199277
0.001678
0.019866
0.992170
0.011506
0.000385
0.995969
0.002087
0.001698
0.025230
0.973390
0.015234
0.042768
0.987426
0.999005
0.998949
0.997642
0.021705
0.993497
0.417501
0.000415
0.000705
0.473968
0.001078
0.998874
0.000503
0.999088
0.998188
0.995828
0.000555
0.995353
0.997461
0.998921
0.000762
0.998463
0.037243
0.992627
0.190185
0.971150
0.994563
0.783570
0.016483
0.001208
0.002269
0.995909
0.136108
0.038625
0.874280
0.001594
0.999584
0.074132
0.148102
0.291558
0.996045
0.001905
0.001101
0.954623
0.998489
0.998953
0.793186
0.997268
0.043688
0.999551
0.113411
0.999048
0.036342
0.000849
0.344782
0.007610
0.989599
0.998185
0.998946
0.002324
0.966718
0.905863
0.599468
0.998767
0.008786
0.015072
0.000708
0.846528
0.002625
0.014088
0.993432
0.002469
0.996121
0.009517
0.999493
0.965806
0.998928
0.948538
0.987556
0.003894
0.015723
0.994654
0.005141
0.001357
0.000737
0.999554
0.733253
0.016726
0.996045
0.003619
0.001634
0.972142
0.001211
0.002091
0.000839
0.000277
0.998423
0.998635
0.999143
0.000953
0.016869
0.993069
0.999357
0.996124
0.004847
0.996610
0.931730
0.000361
0.000757
0.998519
0.647210
0.047299
0.993767
0.998136
0.828476
0.996483
0.002607
0.999216
0.999303
0.092975
0.989126
0.000439
0.998036
0.989675
0.000263
0.000494
0.796634
0.936272
0.998967
0.997835
0.000853
0.002905
0.039865
0.999502
0.397802
0.998985
0.727879
0.996692
0.011747
0.387800
0.998598
0.963697
0.005550
0.005262
0.997412
0.980178
0.999051
0.000859
0.998069
0.998784
0.681723
0.998845
0.127277
0.617308
0.230978
0.000325
0.139259
0.004779
0.954383
0.982461
0.997661
0.000952
0.888122
0.823215
0.972085
0.056639
0.001160
0.998849
0.013925
0.002221
0.000583
0.000288
0.997056
0.000626
0.743269
0.007057
0.010898
0.983728
0.993723
0.993685
0.995426
0.000558
0.988125
0.974773
0.995966
0.011788
0.001326
0.998799
0.000472
0.000549
0.308307
0.613054
0.999206
0.996232
0.657482
0.000466
0.994563
0.027125
0.575602
0.047023
0.994685
0.000345
0.966345
0.473898
0.964620
0.000397
0.016023
0.996824
0.975255
0.004048
0.627094
0.074601
0.054507
0.021966
0.998380
0.990405
0.001595
0.775933
0.989185
0.954000
0.775475
0.993530
0.997120
0.001564
0.000612
0.001103
0.025676
0.003602
0.000973
0.998809
0.971800
0.999323
0.003895
0.013050
0.437852
0.001939
0.077262
0.982825
0.013572
0.948406
0.001698
0.976281
0.005500
0.955664
0.959797
0.980774
0.995059
0.004976
0.996607
0.000666
0.007703
0.999070
0.000707
0.892539
0.927275
0.946012
0.997306
0.056961
0.998744
0.000448
0.048273
0.000305
0.999114
0.069561
0.000189
0.007479
0.001234
0.930387
0.004872
0.989145
0.990615
0.045247
0.093520
0.000900
0.000386
0.007032
0.000350
0.998278
0.000465
0.020218
0.006626
0.021236
0.001787
0.001218
0.999319
0.001536
0.997486
0.589331
0.008316
0.023496
0.021401
0.011797
0.982888
0.000954
0.000840
0.999190
0.995754
0.006019
0.002090
0.872546
0.002103
0.995888
0.997710
0.987489
0.007769
0.477333
0.999032
0.999599
0.037101
0.004627
0.000407
0.000838
0.178625
0.028741
0.998730
0.000205
0.994245
0.998536
0.985172
0.945332
0.923248
0.076646
0.062940
0.000653
0.001420
0.997163
0.109887
0.000928
0.376188
0.012434
0.936055
0.014145
0.001339
0.998475
0.874797
0.000831
0.000578
0.995666
0.014393
0.022487
0.000832
0.977192
0.980544
0.000820
0.934413
0.001870
0.000860
0.015281
0.353682
0.020019
0.999094
0.000600
0.007531
0.007705
0.110356
0.997440
0.491524
0.996329
0.974675
0.964315
0.992410
0.002500
0.001703
0.997825
0.998471
0.216330
0.998381
0.958516
0.047686
0.220340
0.999154
0.997584
0.575651
0.987596
0.026533
0.997026
0.712200
0.994711
0.000330
0.727316
0.037087
0.993479
0.028295
0.925417
0.996981
0.000819
0.977310
0.016464
0.013104
0.998904
0.003233
0.001932
0.134775
0.567420
0.998032
0.045350
0.024027
0.977196
0.998752
0.998874
0.001052
0.425565
0.000505
0.029031
0.000535
0.004566
0.998705
0.988453
0.296890
0.058330
0.002410
0.998168
0.010425
0.997250
0.542250
0.000432
0.004011
0.993620
0.001599
0.000273
0.937255
0.998290
0.018428
0.983511
0.812844
0.805569
0.333496
0.993603
0.059920
0.912928
0.973989
0.997679
0.000401
0.997003
0.991680
0.980790
0.002522
0.014674
0.438410
0.039878
0.101916
0.005243
0.014550
0.998670
0.302068
0.007419
0.623550
0.001331
0.996514
0.998622
0.092379
0.999016
0.827917
0.171054
0.998606
0.998603
0.968586
0.009106
0.038676
0.997327
0.005528
0.949756
0.997893
0.008108
0.998000
0.998548
0.235746
0.001223
0.995865
0.986812
0.001876
0.814205
0.026238
0.000340
0.998696
0.941480
0.001682
0.990829
0.002046
0.981170
0.954368
0.001399
0.975580
0.002605
0.002483
0.998121
0.057187
0.032881
0.998200
0.005377
0.905111
0.415771
0.984685
0.970428
0.001888
0.957096
0.797602
0.000416
0.002363
0.000919
0.414466
0.000414
0.987891
0.976758
0.000397
0.002925
0.860312
0.002182
0.602422
0.006230
0.998613
0.924910
0.074438
0.996299
0.021990
0.001352
0.949119
0.998084
0.128418
0.116129
0.801789
0.995320
0.027236
0.000548
0.998700
0.005288
0.993254
0.746243
0.002125
0.889311
0.011101
0.012112
0.007654
0.003112
0.783238
0.557842
0.998642
0.999042
0.838489
0.998790
0.000844
0.001307
0.994309
0.020503
0.007474
0.000684
0.002230
0.000582
0.054335
0.362165
0.001315
0.002316
0.999186
0.000771
0.000796
0.995375
0.000484
0.259534
0.879194
0.999183
0.010061
0.029195
0.931901
0.013570
0.298370
0.002326
0.011347
0.000761
0.000431
0.991953
0.001148
0.016956
0.999168
0.508604
0.001221
0.993537
0.947614
0.653855
0.971569
0.277461
0.000511
0.005201
0.033431
0.000960
0.000551
0.992500
0.947664
0.018959
0.004833
0.003778
0.000698
0.011339
0.015934
0.996731
0.981794
0.998857
0.867309
0.001010
0.960981
0.047403
0.989737
0.001834
0.951509
0.044909
0.000805
0.004260
0.965944
0.000419
0.922091
0.996154
0.999253
0.040996
0.951752
0.998402
0.983778
0.798943
0.041112
0.990583
0.995456
0.998970
0.000884
0.259601
0.995509
0.141823
0.040900
0.996912
0.998940
0.996181
0.998568
0.006747
0.004310
0.990060
0.000372
0.995981
0.000585
0.804403
0.000621
0.998299
0.998021
0.914828
0.998735
0.998235
0.997670
0.996630
0.998752
0.000761
0.994883
0.997100
0.002199
0.131919
0.006715
0.997405
0.999201
0.856100
0.997521
0.005817
0.346301
0.986531
0.998779
0.005002
0.008580
0.990896
0.998903
0.973596
0.029484
0.967722
0.050141
0.998183
0.003098
0.001911
0.001937
0.021072
0.000294
0.000535
0.952441
0.998155
0.000868
0.044543
0.000301
0.996571
0.228515
0.000629
0.007295
0.000722
0.998522
0.998070
0.996201
0.994389
0.021865
0.004752
0.016594
0.002596
0.103015
0.000646
0.997474
0.870223
0.039506
0.028320
0.000625
0.955732
0.006603
0.402859
0.998424
0.999281
0.001660
0.000369
0.056875
0.000521
0.000710
0.998775
0.197750
0.023253
0.997921
0.997934
0.983453
0.963977
0.002732
0.944259
0.015043
0.236158
0.993019
0.002013
0.348047
0.976583
0.685077
0.001463
0.998721
0.023175
0.800282
0.998429
0.005217
0.001021
0.995443
0.998718
0.986710
0.000499
0.998173
0.992497
0.002512
0.947629
0.000991
0.004129
0.002418
0.990967
0.802730
0.061756
0.786385
0.269074
0.877137
0.160321
0.006116
0.004182
0.999125
0.888548
0.352643
0.996855
0.989047
0.998616
0.900339
0.998594
0.052504
0.006558
0.007110
0.993923
0.005810
0.081854
0.002460
0.043659
0.952133
0.011076
0.957111
0.914364
0.080596
0.998477
0.003863
0.002343
0.220553
0.998324
0.008529
0.079430
0.958557
0.441561
0.003617
0.957916
0.699303
0.920776
0.038132
0.935446
0.119474
0.995844
0.238592
0.997721
0.010402
0.001842
0.000327
0.995567
0.018887
0.118549
0.001740
0.022814
0.997232
0.993368
0.998456
0.999139
0.004715
0.000607
0.015447
0.023383
0.993718
0.997092
0.994025
0.996739
0.006496
0.993219
0.008991
0.001310
0.000775
0.005264
0.998696
0.997533
0.998471
0.995543
0.006520
0.990484
0.001152
0.907424
0.043366
0.994690
0.997071
0.007273
0.001557
0.988508
0.999423
0.004077
0.995334
0.012301
0.074501
0.008773
0.999453
0.004045
0.999125
0.050281
0.531301
0.957549
0.003360
0.424263
0.001056
0.997941
0.000737
0.012849
0.948456
0.922039
0.996138
0.999376
0.000860
0.037926
0.367944
0.000484
0.999097
0.989488
0.001029
0.996971
0.053696
0.026474
0.009331
0.997393
0.006153
0.997059
0.300044
0.559264
0.102752
0.998787
0.978830
0.996924
0.989727
0.998090
0.997895
0.000892
0.000669
0.979206
0.077382
0.990809
0.997806
0.989300
0.992337
0.998001
0.011336
0.999186
0.000247
0.000462
0.770831
0.990607
0.296104
0.714126
0.005667
0.014720
0.003522
0.995640
0.998482
0.049352
0.999182
0.996295
0.092309
0.014539
0.017798
0.000423
0.996238
0.006832
0.998388
0.998600
0.001755
0.094267
0.986309
0.048144
0.035880
0.956910
0.994157
0.965908
0.008178
0.020247
0.001641
0.020840
0.937520
0.882984
0.998041
0.003765
0.000989
0.002288
0.998830
0.064282
0.031195
0.995855
0.000635
0.059369
0.998034
0.997791
0.997317
0.981903
0.002345
0.997373
0.998573
0.923857
0.000799
0.141681
0.996113
0.000780
0.995012
0.998669
0.812467
0.740623
0.000960
0.997509
0.000796
0.834113
0.000567
0.071376
0.999210
0.004697
0.000860
0.011959
0.995599
0.998551
0.128180
0.006357
0.998544
0.378412
0.999272
0.005453
0.000901
0.071262
0.285421
0.999379
0.082702
0.002555
0.997689
0.977228
0.000582
0.994879
0.998291
0.828444
0.997740
0.000532
0.972472
0.007122
0.001569
0.004244
0.019286
0.007418
0.017226
0.007454
0.998482
0.998017
0.014621
0.007369
0.378314
0.852451
0.000364
0.829793
0.517818
0.005616
0.004183
0.022075
0.992134
0.029252
0.000996
0.997601
0.978370
0.147940
0.032929
0.992517
0.999325
0.000468
0.998910
0.000387
0.343656
0.472439
0.190077
0.007456
0.017514
0.986924
0.998966
0.039903
0.011772
0.979168
0.800219
0.998550
0.996210
0.021289
0.997875
0.998945
0.969618
0.999190
0.969458
0.003034
0.002277
0.000397
0.002218
0.068886
0.001688
0.001129
0.996328
0.001536
0.998673
0.078258
0.051706
0.996894
0.019280
0.968385
0.000854
0.000980
0.004629
0.002240
0.002027
0.007818
0.967781
0.000804
0.998589
0.994790
0.268420
0.000909
0.001229
0.397110
0.999291
0.008055
0.005628
0.207176
0.999267
0.000401
0.981483
0.058345
0.004251
0.946759
0.996416
0.009336
0.989061
0.012563
0.233792
0.993416
0.154137
0.998881
0.999332
0.998183
0.985464
0.874810
0.005097
0.003758
0.998552
0.001105
0.002443
0.991354
0.996328
0.996265
0.998206
0.880110
0.004332
0.036644
0.999267
0.994753
0.125253
0.833113
0.001074
0.060127
0.013199
0.056949
0.233442
0.043028
0.989996
0.000311
0.008249
0.997931
0.065136
0.001101
0.006729
0.037496
0.562027
0.997541
0.014739
0.018424
0.930388
0.850584
0.053292
0.980640
0.000228
0.992186
0.060925
0.845878
0.998240
0.996090
0.990874
0.000277
0.000983
0.658747
0.959811
0.001971
0.008759
0.202529
0.006017
0.000528
0.043089
0.997428
0.012908
0.280471
0.000683
0.432338
0.974447
0.997557
0.998155
0.985914
0.998628
0.018588
0.980912
0.003609
0.981236
0.987005
0.003683
0.219808
0.073192
0.970905
0.985980
0.000573
0.895418
0.054563
0.996633
0.998909
0.160993
0.016343
0.018516
0.011518
0.011248
0.020187
0.984509
0.999341
0.001659
0.852191
0.999103
0.002129
0.168522
0.389841
0.998399
0.998065
0.003413
0.002677
0.798822
0.047099
0.003852
0.049139
0.993994
0.006368
0.000768
0.009768
0.014431
0.001445
0.092902
0.090477
0.998132
0.997213
0.988720
0.930827
0.983201
0.992056
0.997998
0.050682
0.006826
0.999422
0.913317
0.000920
0.005215
0.001714
0.995170
0.021888
0.004449
0.875238
0.719500
0.993070
0.997176
0.103339
0.000697
0.053482
0.998508
0.990441
0.995788
0.000511
0.001117
0.021042
0.677887
0.900116
0.816475
0.999235
0.000524
0.025250
0.005761
0.069692
0.000902
0.000189
0.991198
0.985322
0.017003
0.008844
0.096143
0.998566
0.998744
0.007732
0.000371
0.000971
0.005834
0.994686
0.759998
0.096113
0.995444
0.997393
0.550745
0.258783
0.992241
0.000877
0.962343
0.885886
0.250415
0.027770
0.007632
0.997178
0.998238
0.018896
0.013225
0.005773
0.011442
0.012710
0.958533
0.002865
0.004696
0.003901
0.993357
0.016405
0.241991
0.014299
0.997118
0.994298
0.170060
0.000965
0.991510
0.000285
0.997520
0.983092
0.973481
0.995935
0.005441
0.050337
0.000809
0.002286
0.783774
0.952692
0.003372
0.000609
0.135716
0.000258
0.069868
0.998181
0.004876
0.939682
0.000592
0.118558
0.928529
0.973930
0.058611
0.983762
0.998752
0.921595
0.029019
0.002295
0.000886
0.987991
0.996503
0.998829
0.003359
0.006141
0.972729
0.998598
0.000432
0.995469
0.000754
0.956581
0.997057
0.997378
0.000459
0.020063
0.992616
0.952691
0.310350
0.007412
0.040682
0.001792
0.995330
0.012434
0.002113
0.984557
0.000590
0.011403
0.997831
0.000390
0.019553
0.000581
0.992738
0.991749
0.539900
0.001561
0.018468
0.991680
0.998142
0.135465
0.985126
0.146619
0.000912
0.005376
0.001650
0.000799
0.002127
0.998540
0.929203
0.970816
0.116280
0.003216
0.041839
0.997266
0.087318
0.000750
0.007185
0.007258
0.018400
0.998383
0.000926
0.000914
0.990598
0.048745
0.000424
0.999335
0.204508
0.001901
0.096502
0.004516
0.000898
0.954059
0.029543
0.013934
0.985790
0.004221
0.998159
0.002596
0.979628
0.991935
0.612563
0.869830
0.993872
0.213664
0.996377
0.018350
0.691183
0.013430
0.977533
0.000896
0.001738
0.186258
0.000478
0.045206
0.000566
0.002027
0.647452
0.999048
0.002727
0.984800
0.987336
0.998778
0.024185
0.004548
0.998338
0.997960
0.995073
0.818392
0.991678
0.000788
0.016420
0.998344
0.970588
0.999195
0.999258
0.000907
0.081344
0.004616
0.003508
0.940696
0.004235
0.001327
0.024608
0.756899
0.997787
0.987891
0.000255
0.935143
0.972827
0.973042
0.000801
0.988522
0.985804
0.005091
0.000946
0.987568
0.658704
0.998463
0.000537
0.146070
0.568989
0.052086
0.998702
0.002554
0.997764
0.003899
0.001412
0.992807
0.999036
0.996245
0.029166
0.027228
0.009005
0.106142
0.003077
0.999504
0.002554
0.061269
0.996735
0.995929
0.010197
0.007110
0.011165
0.996236
0.998658
0.007807
0.004190
0.994477
0.996424
0.000448
0.684539
0.003642
0.999024
0.000538
0.996736
0.998277
0.998129
0.004407
0.000604
0.132962
0.992819
0.000309
0.040347
0.005151
0.913561
0.998329
0.936003
0.065947
0.714145
0.000498
0.000460
0.077731
0.339645
0.073932
0.230504
0.854258
0.057726
0.457915
0.996649
0.998891
0.977503
0.001101
0.999507
0.026024
0.995178
0.312360
0.998719
0.983313
0.004213
0.766556
0.001065
0.377396
0.000520
0.941884
0.000944
0.991808
0.611191
0.076490
0.999042
0.002591
0.991388
0.920515
0.997486
0.996876
0.999576
0.006246
0.000873
0.998261
0.998676
0.991652
0.000301
0.138851
0.981729
0.049549
0.005512
0.996467
0.960478
0.949370
0.989363
0.998037
0.999399
0.346492
0.000417
0.041617
0.956466
0.002118
0.939278
0.998878
0.960568
0.000540
0.996638
0.999108
0.024715
0.049823
0.035258
0.965911
0.004795
0.002137
0.999047
0.016806
0.993868
0.908312
0.997393
0.993910
0.979452
0.997156
0.000880
0.006647
0.996513
0.988787
0.014243
0.938084
0.051310
0.031654
0.998615
0.974724
0.995196
0.998996
0.001468
0.992889
0.817731
0.999215
0.922118
0.998505
0.009626
0.002686
0.000716
0.004512
0.532964
0.987109
0.024883
0.951917
0.993608
0.158831
0.046231
0.999617
0.029818
0.195369
0.997574
0.991963
0.231923
0.000875
0.481190
0.030728
0.999210
0.008208
0.999472
0.909650
0.915309
0.001275
0.999182
0.997850
0.907017
0.013024
0.987610
0.971693
0.000383
0.997113
0.996053
0.995742
0.051514
0.124027
0.001448
0.998293
0.003755
0.997963
0.998232
0.998690
0.999351
0.005404
0.996603
0.993680
0.989798
0.998712
0.076560
0.105899
0.000568
0.997289
0.998346
0.999098
0.000775
0.175541
0.991375
0.995707
0.000383
0.999714
0.000426
0.996341
0.008767
0.039455
0.923818
0.979838
0.996642
0.998469
0.005614
0.997453
0.999221
0.997578
0.945476
0.998597
0.990446
0.005004
0.898630
0.002488
0.998127
0.004652
0.005819
0.995739
0.000338
0.547426
0.000541
0.015132
0.997986
0.000818
0.004803
0.000782
0.949438
0.168674
0.031904
0.997359
0.989745
0.103256
0.999038
0.995242
0.998721
0.083831
0.022614
0.036453
0.983455
0.989664
0.000301
0.027804
0.472628
0.001344
0.001146
0.997401
0.999298
0.009425
0.009321
0.014378
0.000384
0.996072
0.021779
0.000256
0.001505
0.011688
0.177254
0.479023
0.996162
0.998507
0.640807
0.872443
0.966034
0.591457
0.499041
0.998270
0.023591
0.988254
0.038008
0.000704
0.358171
0.850717
0.997069
0.979637
0.999202
0.016211
0.022063
0.998959
0.996452
0.006692
0.008553
0.752328
0.997425
0.060760
0.020484
0.992973
0.997775
0.987389
0.997812
0.000577
0.996784
0.000607
0.523450
0.059191
0.009806
0.984382
0.001623
0.995899
0.058514
0.005565
0.001195
0.010606
0.010880
0.007791
0.000507
0.998808
0.756270
0.997793
0.001152
0.062903
0.000582
0.996528
0.018845
0.008949
0.006485
0.986254
0.995114
0.993976
0.985806
0.845152
0.133918
0.000463
0.994546
0.994811
0.023624
0.003094
0.023099
0.993433
0.001180
0.003706
0.003502
0.055820
0.021472
0.001596
0.119591
0.000303
0.917000
0.801144
0.989016
0.664188
0.050955
0.983247
0.000422
0.996495
0.000595
0.998664
0.164657
0.974678
0.985653
0.000179
0.261282
0.025588
0.999572
0.998555
0.003106
0.994836
0.845990
0.076396
0.977985
0.474418
0.001182
0.888394
0.998760
0.213687
0.061380
0.998384
0.003421
0.997698
0.995049
0.994087
0.669632
0.120109
0.007199
0.018532
0.998701
0.002771
0.088285
0.002021
0.375464
0.429570
0.989928
0.079419
0.998905
0.004801
0.022950
0.013550
0.082587
0.994926
0.980112
0.001531
0.001435
0.000190
0.992888
0.102221
0.084293
0.434042
0.998798
0.990457
0.998596
0.011123
0.014969
0.951340
0.010761
0.000989
0.999078
0.056993
0.001621
0.001712
0.007348
0.765790
0.447446
0.950836
0.020835
0.999429
0.997669
0.956319
0.001592
0.005306
0.025686
0.000811
0.111221
0.004362
0.996671
0.997252
0.027808
0.044797
0.979769
0.918461
0.999038
0.001027
0.004480
0.942832
0.000650
0.999041
0.075522
0.961722
0.020615
0.837164
0.996153
0.000868
0.002376
0.006673
0.993494
0.598326
0.981542
0.994466
0.998257
0.004451
0.897109
0.996174
0.996205
0.000365
0.000496
0.179826
0.994005
0.006626
0.996260
0.692883
0.000886
0.000754
0.000253
0.004675
0.999150
0.000648
0.010011
0.000703
0.010089
0.996159
0.034627
0.006006
0.999314
0.021271
0.021287
0.885264
0.002623
0.013332
0.975605
0.995454
0.000709
0.020653
0.225805
0.006738
0.144037
0.032038
0.000943
0.015023
0.069277
0.009890
0.967196
0.011472
0.000357
0.015195
0.874205
0.000663
0.003615
0.002939
0.976635
0.998393
0.916433
0.970453
0.993873
0.428344
0.626527
0.062191
0.000803
0.840783
0.997126
0.000440
0.993633
0.010854
0.140853
0.018705
0.949385
0.994641
0.017570
0.012609
0.932953
0.016267
0.986601
0.000495
0.146248
0.996073
0.997745
0.997444
0.013935
0.997102
0.002841
0.005627
0.925087
0.004428
0.003634
0.989949
0.101916
0.181891
0.991407
0.008865
0.195606
0.000690
0.002598
0.000535
0.011546
0.996745
0.001336
0.997294
0.003237
0.984736
0.001479
0.000251
0.670784
0.028700
0.065010
0.005782
0.000771
0.004714
0.145441
0.004458
0.978551
0.998289
0.745672
0.001419
0.797693
0.989861
0.000548
0.000570
0.992213
0.887321
0.944789
0.003062
0.021644
0.000870
0.010304
0.002492
0.003128
0.005281
0.987949
0.999199
0.345776
0.997414
0.924029
0.968103
0.001055
0.023287
0.995023
0.000725
0.223205
0.073854
0.999261
0.031405
0.006625
0.010145
0.232271
0.996626
0.740449
0.994035
0.994915
0.999411
0.000994
0.024370
0.000612
0.067055
0.001050
0.000794
0.696123
0.942662
0.000574
0.992816
0.128649
0.123837
0.019969
0.007159
0.996759
0.003009
0.995735
0.001588
0.134588
0.998579
0.721863
0.001685
0.997857
0.998382
0.424795
0.000519
0.996036
0.995345
0.975800
0.000806
0.988695
0.003010
0.999687
0.937571
0.225995
0.988458
0.000791
0.997363
0.001453
0.000296
0.971984
0.947743
0.007113
0.681209
0.001808
0.008991
0.986979
0.019720
0.002016
0.997346
0.008589
0.998001
0.998958
0.987847
0.464318
0.007955
0.000234
0.004342
0.206289
0.937953
0.995015
0.998056
0.979533
0.999172
0.022725
0.011130
0.162788
0.998599
0.996829
0.000358
0.998030
0.999325
0.983375
0.019464
0.958327
0.442813
0.684218
0.001582
0.001631
0.000508
0.000673
0.996330
0.027178
0.992684
0.008302
0.001222
0.011947
0.013837
0.997993
0.997489
0.000434
0.000279
0.795697
0.996985
0.002945
0.091163
0.930315
0.002775
0.828054
0.203888
0.439916
0.000996
0.996688
0.999691
0.996073
0.581436
0.080756
0.965283
0.381503
0.987117
0.001015
0.120498
0.000720
0.996611
0.013408
0.000199
0.842579
0.879390
0.254912
0.000388
0.103100
0.000715
0.000513
0.074205
0.167841
0.999205
0.000595
0.290095
0.105721
0.998390
0.000464
0.001384
0.001378
0.909266
0.998777
0.999593
0.658823
0.000606
0.001431
0.001416
0.993866
0.016230
0.973424
0.001763
0.648464
0.946935
0.963893
0.002442
0.998395
0.015980
0.997112
0.999343
0.000548
0.002146
0.001847
0.978344
0.999037
0.997074
0.001608
0.998417
0.945036
0.997767
0.980556
0.993872
0.000541
0.002707
0.995815
0.009114
0.821125
0.000915
0.997661
0.000671
0.999318
0.996723
0.009166
0.601932
0.511460
0.009738
0.911763
0.989341
0.979491
0.983150
0.977652
0.930093
0.999273
0.919272
0.000342
0.999423
0.999171
0.896529
0.981360
0.000251
0.996892
0.005779
0.000564
0.126320
0.872478
0.999144
0.151887
0.000311
0.400540
0.000340
0.982936
0.934176
0.000784
0.202478
0.131206
0.996449
0.002842
0.997101
0.001702
0.002748
0.972117
0.531455
0.969928
0.991017
0.996388
0.000608
0.027477
0.998055
0.996746
0.000486
0.008825
0.007481
0.956052
0.000753
0.000865
0.991167
0.021346
0.997015
0.000943
0.312555
0.986429
0.978531
0.376751
0.999055
0.003539
0.985346
0.998372
0.009744
0.001500
0.794811
0.020711
0.018184
0.758325
0.059571
0.241357
0.000412
0.032979
0.063549
0.003455
0.993296
0.980034
0.001851
0.997908
0.001107
0.977330
0.373067
0.886071
0.995427
0.999220
0.001186
0.000578
0.361409
0.030056
0.017354
0.989418
0.985783
0.000415
0.001387
0.794327
0.308519
0.670811
0.983382
0.002713
0.998808
0.990661
0.936995
0.997408
0.994004
0.997307
0.859506
0.001212
0.004762
0.001237
0.000712
0.132729
0.922592
0.994000
0.121427
0.999067
0.998465
0.002054
0.881316
0.001269
0.886175
0.880696
0.126573
0.016647
0.999425
0.990338
0.995445
0.021503
0.000530
0.996579
0.987197
0.669945
0.533229
0.986897
0.033758
0.992194
0.999235
0.025214
0.079182
0.000615
0.986234
0.993205
0.997251
0.996242
0.998475
0.006974
0.972779
0.001112
0.001430
0.998660
0.000733
0.000658
0.003845
0.964628
0.007213
0.007274
0.522380
0.997931
0.004477
0.989750
0.013460
0.000995
0.032613
0.007061
0.036854
0.661164
0.999556
0.020262
0.016363
0.038168
0.000501
0.993094
0.885621
0.989202
0.001305
0.000468
0.241717
0.002135
0.986159
0.009540
0.970704
0.023641
0.011530
0.658345
0.001891
0.914497
0.000999
0.187609
0.995624
0.998906
0.998971
0.991062
0.000508
0.000815
0.996382
0.992831
0.999068
0.992280
0.852165
0.000949
0.997591
0.000284
0.996682
0.993807
0.007577
0.003639
0.998657
0.898667
0.997827
0.998460
0.998965
0.000460
0.996519
0.001169
0.002742
0.998690
0.004874
0.018640
0.034294
0.002595
0.429351
0.063092
0.996693
0.998558
0.998211
0.026201
0.999337
0.856259
0.121795
0.022263
0.998746
0.134502
0.008235
0.000271
0.990824
0.998922
0.963930
0.001061
0.022147
0.947900
0.983391
0.999364
0.998064
0.002834
0.450574
0.000555
0.991776
0.265808
0.019906
0.010950
0.290538
0.000416
0.998470
0.002617
0.997254
0.034074
0.001668
0.993483
0.030064
0.998338
0.000651
0.994368
0.991225
0.999246
0.007585
0.000534
0.993505
0.998009
0.001122
0.452607
0.995485
0.001380
0.998001
0.035825
0.003616
0.029960
0.011949
0.014021
0.012922
0.010423
0.996168
0.000931
0.010890
0.999382
0.001045
0.969329
0.000510
0.998958
0.990175
0.036764
0.998697
0.047449
0.002129
0.997793
0.997779
0.038448
0.998468
0.087313
0.000722
0.252953
0.984394
0.011013
0.996881
0.994138
0.000347
0.995516
0.993629
0.000694
0.992266
0.000538
0.535252
0.991732
0.001037
0.003890
0.000322
0.026549
0.985373
0.997481
0.008497
0.065518
0.937283
0.010919
0.002441
0.991733
0.002016
0.000550
0.020279
0.002058
0.000620
0.995449
0.097479
0.320963
0.000236
0.996817
0.997120
0.989325
0.996756
0.998150
0.723670
0.004284
0.033728
0.998784
0.000423
0.003748
0.012044
0.997524
0.000184
0.994984
0.993354
0.000344
0.977691
0.012231
0.006917
0.000372
0.996802
0.997634
0.992349
0.024828
0.557911
0.014644
0.433327
0.007971
0.997290
0.835016
0.818351
0.953077
0.000958
0.001312
0.012494
0.939173
0.009738
0.004699
0.001172
0.002539
0.027828
0.993406
0.003579
0.022932
0.013422
0.998384
0.995205
0.147586
0.025133
0.998839
0.998077
0.952188
0.001490
0.528099
0.518496
0.992095
0.986705
0.999490
0.971547
0.998566
0.000457
0.011715
0.561603
0.969240
0.932167
0.111655
0.000287
0.002942
0.124539
0.012752
0.181408
0.865007
0.977148
0.000716
0.995540
0.056667
0.035129
0.996711
0.791536
0.951630
0.005239
0.000239
0.005023
0.014535
0.079161
0.255709
0.001051
0.977576
0.014294
0.000635
0.979001
0.996961
0.008993
0.004813
0.000908
0.000785
0.986437
0.949150
0.707837
0.001148
0.435344
0.106391
0.987184
0.953332
0.994619
0.002694
0.999060
0.996271
0.999171
0.000903
0.997835
0.002479
0.973656
0.992726
0.000579
0.000194
0.998697
0.979255
0.000517
0.006310
0.001312
0.452898
0.025517
0.022172
0.996766
0.988386
0.998602
0.999514
0.999080
0.997114
0.027741
0.996971
0.979570
0.974962
0.039222
0.000427
0.083077
0.912585
0.991277
0.193938
0.303704
0.030675
0.787801
0.035234
0.000434
0.986076
0.947171
0.956795
0.633961
0.943723
0.019477
0.013120
0.080408
0.998995
0.000343
0.024758
0.995874
0.851986
0.980345
0.994383
0.986981
0.997417
0.056547
0.001145
0.993142
0.994142
0.997435
0.946300
0.978905
0.006773
0.993497
0.079070
0.006762
0.000660
0.001609
0.998496
0.030804
0.009781
0.016639
0.001480
0.981942
0.996924
0.001293
0.030063
0.025023
0.980228
0.977189
0.746251
0.997878
0.642000
0.320778
0.000466
0.758568
0.997241
0.997851
0.991465
0.002487
0.997949
0.998793
0.334671
0.039021
0.527143
0.018083
0.612488
0.989851
0.762564
0.983539
0.005815
0.996904
0.021990
0.989787
0.002924
0.000694
0.025528
0.007900
0.004856
0.991187
0.001170
0.000738
0.999264
0.998577
0.036685
0.042150
0.000365
0.007230
0.022313
0.000625
0.995012
0.997929
0.010320
0.999486
0.001377
0.004985
0.172850
0.109761
0.009013
0.037239
0.928859
0.998200
0.918611
0.983391
0.001726
0.979420
0.970908
0.006518
0.000913
0.998416
0.732428
0.005034
0.897006
0.993367
0.003855
0.854447
0.995745
0.022291
0.669238
0.989847
0.080714
0.997736
0.985705
0.511016
0.999279
0.002754
0.976813
0.153858
0.998652
0.938999
0.999644
0.079499
0.000468
0.001011
0.000840
0.828809
0.526917
0.990980
0.998191
0.283332
0.494722
0.000444
0.998122
0.648521
0.964549
0.993758
0.000862
0.008535
0.001625
0.776869
0.003917
0.001264
0.004619
0.995962
0.001004
0.998189
0.990162
0.039023
0.997745
0.001730
0.999101
0.995847
0.036895
0.964133
0.996532
0.985321
0.979043
0.018736
0.999111
0.934546
0.997943
0.998715
0.003057
0.992415
0.076427
0.011134
0.867706
0.009725
0.023223
0.271442
0.022715
0.000541
0.993991
0.745303
0.999297
0.098910
0.000939
0.964012
0.995573
0.998421
0.404514
0.101345
0.997958
0.841699
0.945194
0.006566
0.998203
0.010737
0.035075
0.002728
0.949396
0.981376
0.941168
0.998611
0.990370
0.014485
0.004512
0.029829
0.291070
0.998808
0.911418
0.992265
0.983278
0.997570
0.517977
0.993358
0.005404
0.000879
0.395329
0.964245
0.002943
0.998897
0.998792
0.998648
0.996550
0.174684
0.000589
0.177635
0.999445
0.998440
0.954831
0.962915
0.998525
0.992027
0.004157
0.007958
0.000510
0.000643
0.005691
0.001912
0.998483
0.001617
0.000262
0.992680
0.987692
0.145139
0.995290
0.000698
0.994436
0.083003
0.948052
0.913026
0.955998
0.108700
0.004142
0.128584
0.000542
0.012001
0.004877
0.996433
0.024406
0.987352
0.296433
0.032818
0.992966
0.001284
0.002727
0.999253
0.977008
0.000930
0.994393
0.000692
0.000890
0.001313
0.994499
0.000224
0.693400
0.007382
0.033746
0.446801
0.300387
0.997687
0.989792
0.985518
0.002266
0.070818
0.227042
0.997332
0.985826
0.993125
0.487865
0.997524
0.995968
0.001839
0.992911
0.784501
0.077791
0.944322
0.002566
0.009716
0.888525
0.978708
0.000495
0.000626
0.994698
0.998741
0.998104
0.992973
0.081858
0.001058
0.998820
0.000359
0.144550
0.122497
0.997219
0.999249
0.002813
0.960617
0.990052
0.996588
0.998182
0.111153
0.029676
0.990061
0.125907
0.894217
0.004715
0.062207
0.998427
0.013016
0.999270
0.008952
0.990249
0.998287
0.001467
0.998495
0.214413
0.998839
0.827543
0.992352
0.009856
0.998796
0.135143
0.995821
0.993216
0.600411
0.000982
0.997103
0.002850
0.997678
0.000921
0.048830
0.689678
0.947769
0.996836
0.058757
0.997328
0.997175
0.000506
0.327192
0.998706
0.000563
0.023598
0.996848
0.071965
0.997549
0.010789
0.002761
0.002508
0.988169
0.002462
0.023568
0.001593
0.003626
0.417443
0.997334
0.017214
0.995594
0.003156
0.242499
0.001430
0.995591
0.001161
0.007666
0.203866
0.970802
0.100785
0.808858
0.964936
0.004349
0.929543
0.658208
0.991483
0.940530
0.528399
0.999199
0.015086
0.998478
0.437048
0.000310
0.998881
0.733361
0.989219
0.010082
0.970193
0.016473
0.088586
0.000671
0.997715
0.998894
0.994984
0.975874
0.002228
0.000828
0.009812
0.073840
0.998670
0.199900
0.799098
0.976153
0.001054
0.005749
0.848377
0.010240
0.998021
0.022554
0.812630
0.997396
0.005654
0.996665
0.001808
0.004339
0.998894
0.000687
0.000588
0.984654
0.000276
0.001212
0.997711
0.999341
0.995152
0.998526
0.303555
0.978420
0.025759
0.004492
0.255941
0.018064
0.996239
0.992267
0.997591
0.989453
0.003834
0.000625
0.958684
0.003468
0.982028
0.991492
0.798932
0.997633
0.006862
0.005263
0.001815
0.000721
0.011429
0.013328
0.001865
0.996349
0.008186
0.959256
0.004347
0.658284
0.996021
0.997427
0.986317
0.505187
0.003584
0.001049
0.999402
0.000970
0.998541
0.016791
0.003562
0.995018
0.757499
0.994609
0.962471
0.040009
0.988233
0.003335
0.965711
0.013205
0.999009
0.933898
0.001951
0.010263
0.997270
0.997712
0.003570
0.999259
0.062425
0.011521
0.603817
0.990550
0.038418
0.961157
0.022722
0.998094
0.999408
0.046696
0.987344
0.013083
0.993586
0.999414
0.987509
0.411157
0.152314
0.998699
0.001540
0.320900
0.997831
0.016294
0.998321
0.998679
0.014710
0.995372
0.002061
0.000785
0.185493
0.002414
0.998141
0.992938
0.999055
0.997361
0.997284
0.002201
0.998064
0.000383
0.999380
0.998122
0.001981
0.013721
0.986598
0.992019
0.017442
0.998475
0.998219
0.994765
0.997606
0.998412
0.000668
0.006571
0.037081
0.003615
0.994298
0.007572
0.995487
0.026898
0.998713
0.001391
0.993806
0.997973
0.993910
0.003942
0.078988
0.999020
0.000418
0.002591
0.006367
0.886797
0.000281
0.020334
0.001370
0.045554
0.000651
0.041127
0.985674
0.991516
0.995485
0.009216
0.198374
0.066801
0.005467
0.991962
0.996427
0.000651
0.784497
0.943031
0.786024
0.027974
0.037280
0.005748
0.001393
0.998705
0.986964
0.252978
0.943343
0.976369
0.996381
0.995175
0.024737
0.999355
0.952521
0.430955
0.007356
0.012252
0.003759
0.945371
0.001787
0.994069
0.000761
0.001165
0.970767
0.041603
0.999541
0.007673
0.999269
0.067494
0.096808
0.011187
0.975766
0.997625
0.995771
0.979368
0.992319
0.004876
0.001527
0.999427
0.961653
0.002571
0.988549
0.004256
0.998733
0.994119
0.002390
0.994333
0.997966
0.013210
0.997385
0.003481
0.012570
0.021105
0.003405
0.998279
0.004634
0.004619
0.002036
0.043895
0.992343
0.942824
0.057224
0.000481
0.661528
0.997054
0.987363
0.996120
0.908807
0.997063
0.004834
0.007145
0.001398
0.964652
0.153544
0.000468
0.938275
0.003347
0.982758
0.983213
0.002925
0.010320
0.119504
0.995171
0.051662
0.975189
0.000982
0.001629
0.970710
0.007407
0.963816
0.004881
0.034529
0.998896
0.999523
0.082961
0.997996
0.999025
0.000242
0.053100
0.005705
0.020186
0.003079
0.001404
0.018683
0.996755
0.998194
0.998288
0.999423
0.985708
0.000262
0.092360
0.996852
0.068759
0.037987
0.983947
0.997493
0.998086
0.674592
0.997304
0.001499
0.007223
0.996126
0.981165
0.018599
0.993241
0.927491
0.003587
0.941575
0.011573
0.001094
0.348467
0.765393
0.996994
0.994508
0.001071
0.020865
0.008124
0.989223
0.040964
0.998993
0.000861
0.997984
0.994633
0.925540
0.998534
0.000752
0.171696
0.223456
0.997669
0.989477
0.998150
0.982729
0.143724
0.995589
0.002620
0.000829
0.001466
0.900946
0.255716
0.001078
0.021472
0.016717
0.000285
0.000877
0.000341
0.998750
0.248363
0.808695
0.999291
0.755411
0.000373
0.998613
0.000762
0.627296
0.983432
0.998674
0.078907
0.968651
0.984176
0.985527
0.992680
0.564219
0.000514
0.011967
0.998541
0.111915
0.994356
0.001507
0.983175
0.811099
0.000405
0.990169
0.999054
0.287913
0.000486
0.008210
0.998632
0.999229
0.988080
0.000493
0.002822
0.997612
0.003768
0.070250
0.996950
0.998776
0.246155
0.999041
0.497648
0.972002
0.000877
0.996392
0.004692
0.004889
0.987033
0.007555
0.976498
0.011840
0.044450
0.331621
0.999523
0.002185
0.000864
0.064060
0.007310
0.998241
0.995659
0.985889
0.974079
0.004894
0.000618
0.973472
0.882975
0.087698
0.018712
0.003045
0.988298
0.040909
0.994067
0.998596
0.008039
0.972447
0.996894
0.000391
0.980097
0.011771
0.006365
0.968881
0.990710
0.996240
0.992989
0.000300
0.001299
0.757926
0.002395
0.995528
0.997360
0.000562
0.000480
0.004056
0.980191
0.948695
0.129260
0.046874
0.011233
0.000747
0.000781
0.197604
0.876193
0.994203
0.000342
0.000582
0.000630
0.358035
0.983210
0.004606
0.023867
0.005900
0.001954
0.000725
0.997149
0.004787
0.996158
0.001093
0.010961
0.033654
0.625650
0.013643
0.994940
0.979955
0.980865
0.001196
0.968720
0.018802
0.998974
0.490657
0.988607
0.292868
0.002666
0.977347
0.831757
0.000280
0.998452
0.001273
0.022585
0.029573
0.998894
0.003558
0.022890
0.000469
0.004177
0.997087
0.996154
0.020192
0.121286
0.998993
0.957675
0.093137
0.990895
0.007481
0.011282
0.001186
0.957375
0.997255
0.011179
0.001069
0.005417
0.996329
0.972852
0.980328
0.992220
0.962978
0.983623
0.202250
0.011702
0.000859
0.774297
0.011966
0.954655
0.004820
0.025086
0.991129
0.998647
0.002132
0.998235
0.986446
0.000418
0.035393
0.011896
0.973638
0.996457
0.997429
0.054217
0.998712
0.830619
0.000876
0.072853
0.998859
0.971080
0.001324
0.005100
0.005921
0.001214
0.992856
0.021965
0.000517
0.982819
0.996253
0.032780
0.886333
0.990162
0.006372
0.997686
0.000702
0.173190
0.998570
0.997419
0.027917
0.998466
0.880914
0.011298
0.994102
0.976268
0.990733
0.014620
0.965454
0.988995
0.890062
0.008651
0.992917
0.000274
0.310101
0.937181
0.932748
0.998464
0.002591
0.999284
0.951873
0.000553
0.016276
0.585725
0.513480
0.020178
0.984240
0.943628
0.998801
0.000546
0.024632
0.997624
0.999708
0.015823
0.991741
0.006332
0.003104
0.994890
0.001168
0.000906
0.021165
0.999618
0.003293
0.003678
0.992114
0.001075
0.002210
0.839743
0.804017
0.000442
0.000833
0.003123
0.994854
0.975943
0.025785
0.993958
0.201505
0.000498
0.994561
0.001292
0.530779
0.999234
0.992467
0.998653
0.998579
0.918213
0.991363
0.267317
0.001433
0.022640
0.246808
0.000935
0.995691
0.998492
0.994832
0.005341
0.052113
0.998351
0.001279
0.995285
0.022377
0.385430
0.997627
0.015939
0.048940
0.650280
0.996127
0.000539
0.996518
0.004634
0.969077
0.000262
0.001329
0.000572
0.973251
0.000447
0.961020
0.929365
0.001192
0.006190
0.004939
0.163163
0.989427
0.893399
0.816299
0.979494
0.954955
0.977217
0.999127
0.994196
0.000325
0.000567
0.997421
0.994590
0.096260
0.347404
0.004022
0.003973
0.997658
0.000505
0.000484
0.999177
0.998491
0.994783
0.001075
0.006985
0.945717
0.994450
0.996949
0.994384
0.589876
0.946944
0.001844
0.005293
0.997254
0.065103
0.027920
0.998317
0.013357
0.028520
0.003127
0.574266
0.003408
0.862849
0.999296
0.001898
0.992450
0.995380
0.000751
0.000502
0.793136
0.006412
0.133792
0.998789
0.018726
0.003172
0.645984
0.998413
0.968526
0.002560
0.016947
0.965946
0.001442
0.000379
0.614071
0.995382
0.972300
0.995821
0.998398
0.999424
0.003420
0.998092
0.789901
0.972054
0.998089
0.941908
0.993899
0.954950
0.997517
0.001041
0.938283
0.965439
0.707816
0.995764
0.000705
0.404778
0.949388
0.995673
0.950383
0.045553
0.993185
0.952887
0.074557
0.991612
0.029558
0.621217
0.000766
0.001105
0.995441
0.033306
0.999619
0.017429
0.208344
0.001148
0.003958
0.002499
0.169541
0.000359
0.000511
0.996574
0.996526
0.481496
0.998324
0.000989
0.996564
0.426884
0.998662
0.000983
0.004783
0.000619
0.000434
0.999031
0.883004
0.982900
0.026777
0.000525
0.066019
0.000420
0.017086
0.998326
0.997382
0.002950
0.997294
0.998145
0.001259
0.997528
0.013145
0.611566
0.998607
0.003534
0.002529
0.996210
0.997986
0.999382
0.001984
0.994287
0.416559
0.684309
0.247174
0.996076
0.993430
0.998516
0.998163
0.220463
0.074037
0.015953
0.993184
0.014432
0.002853
0.204648
0.996118
0.994178
0.971622
0.994218
0.001930
0.986150
0.974600
0.991509
0.000444
0.998468
0.001029
0.993594
0.022347
0.049441
0.997722
0.039947
0.860190
0.000819
0.764654
0.961498
0.000591
0.000790
0.002441
0.000211
0.050657
0.998663
0.997561
0.074255
0.689040
0.002383
0.005798
0.014027
0.000397
0.007215
0.002491
0.996644
0.997142
0.983993
0.062393
0.000277
0.996545
0.997220
0.398100
0.000301
0.037367
0.998985
0.148337
0.982641
0.917835
0.001343
0.832873
0.985764
0.806787
0.265851
0.988985
0.975808
0.659499
0.023961
0.002682
0.000449
0.019794
0.000778
0.998203
0.001398
0.964413
0.001046
0.321113
0.997571
0.000439
0.998726
0.781202
0.986702
0.051804
0.018628
0.001758
0.995939
0.007047
0.998287
0.001501
0.000665
0.006736
0.182517
0.999066
0.933904
0.002923
0.000393
0.999072
0.989185
0.998961
0.950607
0.003798
0.001014
0.999504
0.969705
0.000380
0.900405
0.000493
0.989312
0.869161
0.082602
0.727567
0.998999
0.684852
0.046852
0.999337
0.006949
0.004610
0.479550
0.650386
0.985322
0.997447
0.974394
0.001297
0.001464
0.973274
0.979189
0.006899
0.993075
0.986329
0.013099
0.993677
0.002793
0.982977
0.990849
0.963372
0.000471
0.088432
0.009475
0.006586
0.000541
0.164570
0.000651
0.925683
0.659870
0.001244
0.002056
0.999486
0.004059
0.999087
0.000790
0.004856
0.096770
0.001060
0.000758
0.788026
0.995691
0.994330
0.011447
0.408187
0.465827
0.190036
0.015727
0.010664
0.998289
0.001005
0.998451
0.003229
0.007274
0.996501
0.996223
0.000512
0.996860
0.998783
0.188122
0.016682
0.001937
0.631299
0.063948
0.000870
0.000537
0.002569
0.989114
0.940258
0.042632
0.210706
0.001340
0.998667
0.932156
0.995191
0.600585
0.977352
0.000609
0.045648
0.205489
0.548669
0.000434
0.989771
0.001817
0.997988
0.998666
0.079808
0.017803
0.999385
0.001966
0.002224
0.030236
0.997680
0.998313
0.996556
0.023703
0.000855
0.000378
0.995676
0.315897
0.000318
0.996730
0.001661
0.001338
0.011526
0.023158
0.001083
0.997657
0.000815
0.987770
0.000902
0.003009
0.366158
0.927327
0.998353
0.951739
0.148074
0.998550
0.998753
0.009642
0.001685
0.995158
0.997656
0.998687
0.978774
0.997230
0.002308
0.016947
0.037494
0.941716
0.001680
0.737065
0.000967
0.005032
0.995954
0.029162
0.996278
0.998325
0.903658
0.000933
0.996049
0.004194
0.997246
0.991708
0.998937
0.007038
0.000296
0.991205
0.999080
0.002137
0.457868
0.111094
0.000328
0.038587
0.000186
0.001808
0.025740
0.954482
0.062114
0.007031
0.044312
0.997682
0.992138
0.050781
0.222901
0.995959
0.996397
0.995280
0.002576
0.982259
0.005603
0.999126
0.378876
0.999430
0.878069
0.000314
0.012809
0.995817
0.025181
0.993907
0.012149
0.999280
0.958390
0.994641
0.678012
0.031028
0.000796
0.025021
0.141958
0.000459
0.996287
0.996711
0.759181
0.997714
0.943040
0.990661
0.001043
0.989384
0.929050
0.142901
0.000879
0.986347
0.001571
0.996642
0.437446
0.004985
0.993638
0.000790
0.983078
0.118562
0.244222
0.875373
0.995655
0.927745
0.005401
0.001783
0.006261
0.050265
0.994643
0.990115
0.995731
0.000739
0.000846
0.989202
0.468941
0.998562
0.000294
0.000290
0.954610
0.885581
0.965141
0.012136
0.974811
0.995233
0.886505
0.668141
0.886410
0.001093
0.986365
0.993773
0.985785
0.022841
0.945448
0.003312
0.992270
0.000814
0.973852
0.997153
0.007824
0.992049
0.000965
0.001492
0.999009
0.995274
0.099562
0.986904
0.998499
0.997015
0.000547
0.992704
0.001797
0.000981
0.077366
0.999156
0.999217
0.033413
0.013686
0.004995
0.003832
0.001065
0.992882
0.115517
0.975365
0.041195
0.000302
0.072518
0.997497
0.999496
0.737094
0.633728
0.001241
0.992308
0.998623
0.111043
0.004568
0.000303
0.560999
0.998590
0.000259
0.991420
0.938635
0.031634
0.009916
0.013541
0.019863
0.999386
0.999544
0.002696
0.005570
0.995874
0.997686
0.007998
0.208613
0.998828
0.052977
0.998885
0.000926
0.001000
0.001073
0.994664
0.000794
0.008111
0.001642
0.011468
0.998939
0.990687
0.009338
0.001649
0.016528
0.001658
0.004015
0.995643
0.943429
0.713562
0.979527
0.000827
0.000282
0.923428
0.000508
0.751846
0.059024
0.511987
0.000653
0.012901
0.002950
0.998077
0.001843
0.027642
0.945430
0.649180
0.989826
0.993960
0.091466
0.027826
0.006077
0.166292
0.997892
0.007844
0.875147
0.999151
0.554633
0.992871
0.001590
0.996681
0.074764
0.001039
0.033471
0.870528
0.956950
0.001882
0.995184
0.000193
0.017523
0.014016
0.124448
0.003241
0.440389
0.990061
0.012661
0.871228
0.974675
0.998485
0.998780
0.991868
0.925614
0.995424
0.001435
0.008527
0.101824
0.504198
0.032916
0.998125
0.576346
0.001125
0.996268
0.027379
0.990593
0.246430
0.009413
0.999330
0.021770
0.000451
0.029711
0.999548
0.997297
0.994728
0.969236
0.005644
0.005778
0.000886
0.001911
0.989008
0.000995
0.768964
0.997015
0.998093
0.997873
0.023726
0.205960
0.975935
0.969953
0.999305
0.998563
0.000349
0.070733
0.998903
0.000363
0.996701
0.001702
0.002487
0.000380
0.998112
0.000930
0.000643
0.002981
0.001104
0.000348
0.348365
0.997405
0.997728
0.998752
0.035130
0.001558
0.956781
0.098171
0.006788
0.996250
0.993598
0.997502
0.093055
0.994016
0.505508
0.985829
0.000775
0.999128
0.998815
0.883904
0.218873
0.001759
0.001226
0.146394
0.899298
0.004732
0.038333
0.000344
0.994528
0.996099
0.990451
0.976307
0.227812
0.083500
0.998014
0.008090
0.992105
0.001780
0.062551
0.724320
0.939249
0.990839
0.001642
0.995601
0.017901
0.973966
0.000679
0.987048
0.000604
0.001563
0.676291
0.000979
0.998803
0.084368
0.112591
0.388083
0.970146
0.998539
0.048721
0.988380
0.001791
0.998113
0.031532
0.596170
0.206287
0.000695
0.000889
0.045762
0.997594
0.002540
0.997321
0.996216
0.981000
0.005159
0.996107
0.037810
0.001476
0.994068
0.836447
0.967267
0.705351
0.973304
0.998626
0.838171
0.996561
0.000908
0.002478
0.037850
0.984046
0.016237
0.252336
0.001206
0.997907
0.998095
0.000814
0.097048
0.984044
0.101427
0.993072
0.984712
0.000452
0.000358
0.005683
0.032944
0.965376
0.042499
0.932442
0.011482
0.003234
0.971242
0.990494
0.000504
0.998855
0.006975
0.998089
0.001054
0.947900
0.995883
0.996469
0.000460
0.999235
0.089099
0.995202
0.998712
0.990142
0.988605
0.857745
0.976834
0.998040
0.000409
0.996562
0.013474
0.995282
0.977501
0.002968
0.053442
0.998264
0.001525
0.100575
0.002755
0.001169
0.033178
0.029357
0.998760
0.997454
0.060220
0.058503
0.972209
0.002305
0.984597
0.996102
0.988447
0.998951
0.997568
0.996440
0.998316
0.998973
0.999183
0.982263
0.001500
0.880850
0.997922
0.995176
0.272527
0.481839
0.865868
0.002729
0.000798
0.045491
0.001993
0.952989
0.048500
0.003754
0.918364
0.001455
0.001097
0.006253
0.007159
0.001465
0.101238
0.999226
0.007174
0.004465
0.998123
0.997997
0.990846
0.022502
0.998570
0.998304
0.001128
0.951505
0.006591
0.975154
0.721066
0.003714
0.022551
0.004352
0.997878
0.329943
0.000680
0.002605
0.994416
0.998608
0.848330
0.004815
0.999506
0.241792
0.882508
0.085587
0.060591
0.003347
0.716805
0.016790
0.979237
0.014182
0.001154
0.985283
0.998155
0.903216
0.000457
0.940526
0.006786
0.008995
0.003071
0.080172
0.383582
0.990037
0.984796
0.001919
0.986865
0.047956
0.003993
0.998274
0.993418
0.950156
0.998898
0.997521
0.063099
0.024738
0.018467
0.000789
0.002534
0.997289
0.953960
0.002134
0.131807
0.998451
0.974172
0.955587
0.992018
0.986805
0.312063
0.967684
0.979678
0.995921
0.000240
0.025293
0.336498
0.997453
0.067692
0.997734
0.987988
0.897566
0.997704
0.986670
0.072652
0.997916
0.013015
0.001350
0.996513
0.999301
0.992183
0.992216
0.041238
0.005329
0.993222
0.093112
0.136291
0.966853
0.000214
0.937980
0.998122
0.995952
0.269389
0.001452
0.678396
0.971421
0.984277
0.253717
0.004525
0.004071
0.997971
0.001189
0.007048
0.993464
0.990161
0.007658
0.949327
0.999437
0.001258
0.098171
0.998144
0.999540
0.003752
0.968595
0.751298
0.001616
0.999046
0.001110
0.000506
0.059603
0.977673
0.996357
0.971589
0.918193
0.737309
0.995838
0.997351
0.993316
0.001154
0.993288
0.016253
0.026772
0.999048
0.010867
0.037092
0.028456
0.601722
0.997063
0.013796
0.943325
0.997329
0.996424
0.997638
0.000412
0.995973
0.996181
0.037259
0.013655
0.994533
0.000926
0.009955
0.974229
0.000502
0.998308
0.800563
0.997398
0.996365
0.000711
0.996950
0.999049
0.066087
0.196134
0.438728
0.920000
0.995870
0.008403
0.926817
0.000366
0.997716
0.999373
0.002311
0.026262
0.035311
0.001236
0.990083
0.947616
0.998889
0.000703
0.979401
0.020007
0.001551
0.825034
0.974717
0.004532
0.989767
0.001981
0.001077
0.996543
0.000776
0.855010
0.003949
0.002092
0.064166
0.352522
0.053683
0.001560
0.616215
0.044372
0.949824
0.873531
0.000910
0.982575
0.040723
0.997824
0.014216
0.942854
0.016450
0.006846
0.005568
0.995050
0.976167
0.002012
0.016633
0.035134
0.000376
0.990552
0.997175
0.072354
0.021843
0.030521
0.993355
0.987863
0.008357
0.999368
0.997898
0.003267
0.988370
0.007305
0.994505
0.142043
0.996236
0.019800
0.799258
0.001547
0.992283
0.472525
0.298949
0.045879
0.005434
0.000819
0.215897
0.878305
0.965568
0.459326
0.997695
0.015478
0.987319
0.980200
0.994558
0.946210
0.997518
0.997577
0.000643
0.973588
0.999400
0.968015
0.925649
0.993699
0.980487
0.001441
0.986264
0.960261
0.013758
0.003980
0.000267
0.000926
0.070067
0.122535
0.988710
0.022464
0.045649
0.993469
0.980509
0.030730
0.001251
0.990815
0.001689
0.992056
0.999338
0.001782
0.007017
0.997227
0.998270
0.002283
0.019347
0.000682
0.994545
0.985489
0.009718
0.001837
0.934800
0.954315
0.007187
0.000525
0.037646
0.002057
0.000645
0.999410
0.120841
0.430786
0.000674
0.000767
0.145204
0.000628
0.256698
0.002030
0.001131
0.965535
0.005046
0.943224
0.989313
0.014849
0.004126
0.986859
0.532670
0.008510
0.998116
0.984192
0.011976
0.986034
0.998462
0.020669
0.000296
0.000981
0.995456
0.003077
0.003112
0.003197
0.956720
0.905326
0.302189
0.001214
0.998999
0.994471
0.001709
0.857731
0.000461
0.082210
0.994872
0.998345
0.102326
0.002866
0.999319
0.818543
0.998864
0.833970
0.007770
0.001868
0.991152
0.000962
0.001878
0.999354
0.311808
0.046191
0.999183
0.001097
0.092793
0.996636
0.916809
0.000575
0.000418
0.001290
0.998698
0.995378
0.001103
0.657355
0.999267
0.964949
0.003551
0.001050
0.999402
0.931410
0.992901
0.748775
0.036822
0.003980
0.009715
0.998349
0.000505
0.015898
0.009436
0.014895
0.996391
0.017600
0.997204
0.980407
0.002113
0.159389
0.055503
0.998766
0.069620
0.045696
0.996938
0.992886
0.995906
0.994070
0.000434
0.931470
0.036110
0.167727
0.097627
0.001576
0.018948
0.000789
0.990787
0.000608
0.998877
0.997313
0.993689
0.998637
0.996442
0.090182
0.000801
0.002303
0.425409
0.001255
0.701654
0.000384
0.904270
0.997993
0.363658
0.875867
0.016318
0.994289
0.001629
0.935816
0.392891
0.009628
0.993020
0.991019
0.004569
0.876836
0.997018
0.993905
0.998803
0.011836
0.000308
0.176531
0.011117
0.000702
0.094656
0.032511
0.652144
0.919976
0.000338
0.995572
0.000767
0.031747
0.800381
0.073549
0.019323
0.998285
0.971805
0.611663
0.999080
0.001858
0.030578
0.002147
0.997931
0.211767
0.998623
0.001407
0.037334
0.999317
0.978332
0.910808
0.998909
0.436377
0.000712
0.022524
0.001525
0.009426
0.989910
0.999473
0.878265
0.000284
0.989159
0.001165
0.036035
0.985141
0.998764
0.000300
0.952630
0.009543
0.985494
0.999041
0.001138
0.305950
0.993030
0.995830
0.026844
0.000343
0.024742
0.011127
0.148751
0.985552
0.610623
0.004087
0.215674
0.032753
0.996012
0.001099
0.001329
0.995307
0.001310
0.104490
0.761726
0.019738
0.033083
0.991976
0.006147
0.997745
0.643570
0.009644
0.000436
0.981868
0.953496
0.869283
0.000680
0.996287
0.001353
0.041475
0.003683
0.998614
0.966244
0.000787
0.193056
0.999416
0.997562
0.915804
0.003508
0.998622
0.993562
0.437986
0.006581
0.005059
0.000361
0.015037
0.004547
0.001332
0.000857
0.764312
0.003067
0.987583
0.736629
0.995741
0.998502
0.243635
0.863036
0.996842
0.002613
0.002826
0.975895
0.058221
0.256228
0.000385
0.014970
0.874831
0.996895
0.000532
0.996892
0.994895
0.096410
0.278369
0.331329
0.005765
0.998437
0.998700
0.998518
0.385025
0.995830
0.962076
0.001165
0.995462
0.995145
0.000803
0.972547
0.004265
0.001457
0.042720
0.003229
0.984292
0.008693
0.993779
0.001492
0.996864
0.005053
0.010163
0.993946
0.001201
0.995163
0.001250
0.998602
0.994689
0.000891
0.997528
0.901058
0.985736
0.006607
0.000333
0.008919
0.004517
0.989335
0.358783
0.824992
0.997454
0.016948
0.996828
0.000498
0.029426
0.038000
0.000678
0.016131
0.613530
0.105389
0.023377
0.769496
0.022190
0.003852
0.004808
0.960129
0.156232
0.998999
0.999306
0.026777
0.005879
0.996429
0.000341
0.997867
0.991890
0.000630
0.003096
0.999627
0.516700
0.999357
0.120026
0.982131
0.071653
0.978873
0.712530
0.001199
0.992965
0.385896
0.981231
0.051300
0.993697
0.988386
0.015734
0.977008
0.745822
0.000408
0.000400
0.982837
0.992753
0.032069
0.001521
0.005038
0.997884
0.000911
0.017079
0.004199
0.990892
0.002980
0.997948
0.030693
0.999059
0.957188
0.830013
0.996942
0.305964
0.001169
0.000379
0.002205
0.115073
0.000788
0.004834
0.174074
0.001114
0.024733
0.900229
0.734683
0.000516
0.138714
0.994337
0.166957
0.992851
0.007534
0.007760
0.997004
0.998770
0.598375
0.000806
0.501501
0.662584
0.017391
0.000297
0.998166
0.999229
0.007713
0.000618
0.000946
0.017387
0.060467
0.000444
0.998919
0.097873
0.001072
0.005906
0.007237
0.997972
0.001563
0.997463
0.038602
0.997519
0.992607
0.000853
0.018721
0.000406
0.995377
0.412655
0.494548
0.013493
0.006050
0.735223
0.001270
0.991969
0.998097
0.003819
0.599489
0.000448
0.010167
0.050218
0.995929
0.993683
0.000579
0.000681
0.703252
0.998066
0.455298
0.995066
0.638657
0.002020
0.002369
0.983148
0.008258
0.998828
0.382679
0.996085
0.004299
0.997873
0.022669
0.993883
0.997802
0.578646
0.001357
0.045927
0.997736
0.990735
0.997151
0.997769
0.996890
0.363612
0.020263
0.994765
0.692615
0.002064
0.800556
0.998503
0.927891
0.000482
0.005936
0.002595
0.055926
0.997967
0.991197
0.998105
0.001493
0.990473
0.092075
0.995180
0.998768
0.000323
0.994865
0.999424
0.996595
0.998232
0.001709
0.997567
0.996414
0.005080
0.830765
0.211482
0.961516
0.998390
0.010731
0.002717
0.998104
0.994460
0.998265
0.515519
0.975977
0.000965
0.001250
0.993121
0.995032
0.324811
0.187049
0.998152
0.035775
0.000548
0.101509
0.998641
0.025749
0.996405
0.000806
0.001481
0.803267
0.996938
0.996457
0.000475
0.003579
0.988676
0.011535
0.102685
0.004687
0.993554
0.003222
0.996566
0.995985
0.994089
0.998919
0.997658
0.069977
0.994439
0.990766
0.974986
0.781470
0.277661
0.998192
0.001270
0.052755
0.046721
0.996027
0.857910
0.986223
0.002650
0.027353
0.001230
0.015873
0.976257
0.078744
0.970818
0.911461
0.982137
0.028641
0.944200
0.001975
0.000573
0.639459
0.000410
0.988883
0.873151
0.998877
0.410627
0.000409
0.021536
0.999251
0.996094
0.002739
0.872216
0.011194
0.876935
0.998866
0.998468
0.946199
0.997330
0.013682
0.898749
0.000897
0.000947
0.996022
0.111193
0.802839
0.996088
0.319172
0.973010
0.001803
0.000639
0.393947
0.998669
0.964669
0.048072
0.008562
0.996106
0.248277
0.997507
0.975567
0.986478
0.020875
0.017659
0.021604
0.999721
0.192794
0.991729
0.995270
0.949955
0.921180
0.059267
0.998107
0.106558
0.964469
0.985255
0.024803
0.999677
0.119197
0.998886
0.012763
0.002669
0.999199
0.011577
0.999055
0.523041
0.004958
0.000902
0.997218
0.998885
0.998575
0.013723
0.930511
0.998626
0.001361
0.998461
0.998593
0.996834
0.493914
0.334683
0.999249
0.994615
0.100308
0.993353
0.939404
0.963506
0.000362
0.375636
0.998934
0.004792
0.584201
0.060255
0.881198
0.691212
0.998097
0.126911
0.882496
0.999424
0.993059
0.981880
0.554669
0.965164
0.000612
0.995340
0.001864
0.004767
0.689778
0.996503
0.016748
0.920643
0.985447
0.000340
0.002216
0.004852
0.999436
0.944916
0.999100
0.998468
0.000821
0.955565
0.995317
0.005860
0.994888
0.205682
0.011350
0.000435
0.001431
0.924868
0.397186
0.997727
0.795015
0.985005
0.815550
0.001765
0.983456
0.999182
0.000976
0.938410
0.002645
0.684774
0.992347
0.035207
0.996703
0.016827
0.999151
0.982735
0.715183
0.985667
0.989881
0.955505
0.989034
0.402002
0.956865
0.000606
0.000478
0.982533
0.997998
0.000598
0.999530
0.525029
0.000295
0.997979
0.715047
0.000958
0.836671
0.983460
0.986566
0.486616
0.949075
0.000543
0.164782
0.938389
0.998034
0.987062
0.002029
0.031291
0.027381
0.000620
0.000741
0.585593
0.479820
0.403203
0.004653
0.990609
0.998980
0.057031
0.991364
0.106053
0.068035
0.005305
0.032177
0.000877
0.995590
0.995282
0.017364
0.024060
0.997718
0.927142
0.999361
0.095088
0.003537
0.998434
0.085793
0.038429
0.001526
0.998282
0.953819
0.997979
0.990740
0.001207
0.296099
0.826594
0.001954
0.068672
0.995765
0.014715
0.453390
0.003573
0.000844
0.000507
0.012498
0.169712
0.021905
0.494480
0.998723
0.993589
0.994951
0.999063
0.997476
0.994902
0.042283
0.000615
0.997264
0.003163
0.988322
0.000232
0.001108
0.990302
0.047139
0.817512
0.991302
0.955739
0.997393
0.000601
0.996954
0.000750
0.001320
0.002832
0.000321
0.002513
0.000808
0.660399
0.241030
0.015153
0.991794
0.042538
0.943939
0.869694
0.000586
0.016404
0.000901
0.999345
0.001373
0.984816
0.000800
0.998313
0.015551
0.744613
0.997810
0.999455
0.987705
0.034412
0.057393
0.755112
0.998650
0.225367
0.006263
0.924137
0.003853
0.676232
0.410735
0.855748
0.968873
0.989915
0.970772
0.000467
0.999313
0.001296
0.980697
0.008980
0.993538
0.001251
0.985050
0.002572
0.999149
0.008267
0.992620
0.010659
0.998994
0.061427
0.008140
0.998716
0.993831
0.109765
0.989311
0.991919
0.003775
0.000516
0.772382
0.997017
0.138023
0.000396
0.992628
0.043629
0.998828
0.015837
0.029382
0.003946
0.040238
0.131862
0.997394
0.703308
0.001895
0.997042
0.994648
0.001589
0.005723
0.000398
0.034486
0.916857
0.988479
0.998877
0.997837
0.979396
0.000606
0.418742
0.996221
0.003809
0.473402
0.005224
0.995277
0.989556
0.347530
0.000622
0.997439
0.001202
0.995508
0.999407
0.003617
0.977043
0.006545
0.001554
0.999129
0.764240
0.998509
0.993245
0.998512
0.628486
0.998200
0.000881
0.999491
0.994860
0.009567
0.039520
0.403191
0.000677
0.462251
0.987121
0.001188
0.011442
0.443788
0.102226
0.008077
0.843473
0.011837
0.944639
0.001239
0.000180
0.041851
0.001167
0.001607
0.023014
0.996817
0.996400
0.905696
0.007805
0.991361
0.018550
0.004324
0.002509
0.011097
0.001549
0.997628
0.005754
0.962777
0.229055
0.998639
0.999008
0.990794
0.958171
0.995532
0.000234
0.995104
0.893692
0.158706
0.006061
0.000633
0.001728
0.997760
0.997898
0.998300
0.023013
