0.660829
0.998693
0.039143
0.997663
0.002873
0.002778
0.997373
0.008828
0.000154
0.998456
0.998344
0.993750
0.503512
0.998477
0.091721
0.988584
0.392088
0.872973
0.008725
0.995617
0.985725
0.999762
0.994530
0.000347
0.005344
0.016868
0.977734
0.998391
0.999383
0.299230
0.008536
0.005887
0.999554
0.361508
0.235919
0.998014
0.999388
0.999572
0.002300
0.026514
0.998829
0.007173
0.011786
0.747833
0.048592
0.028172
0.979012
0.002852
0.829483
0.998288
0.995335
0.196380
0.264465
0.225217
0.998289
0.001640
0.048581
0.260449
0.001394
0.997001
0.506977
0.947703
0.146036
0.971890
0.037541
0.173455
0.218662
0.995521
0.982995
0.995965
0.010521
0.846033
0.002889
0.017247
0.071286
0.994931
0.003197
0.956897
0.999739
0.003115
0.998040
0.996240
0.199705
0.004592
0.903454
0.999467
0.996777
0.004035
0.030022
0.769794
0.043627
0.556548
0.930159
0.404077
0.003244
0.009490
0.011229
0.532663
0.835815
0.003959
0.015390
0.403623
0.996462
0.997785
0.995922
0.001199
0.045813
0.997689
0.359640
0.005179
0.008890
0.864142
0.998840
0.001387
0.997866
0.141687
0.013410
0.030750
0.778066
0.824522
0.093946
0.927610
0.997590
0.998207
0.000727
0.966467
0.002426
0.877917
0.910515
0.001466
0.071421
0.181055
0.001929
0.282886
0.992877
0.020636
0.999776
0.032854
0.695266
0.094281
0.929100
0.979802
0.994548
0.988877
0.995217
0.020173
0.036006
0.951141
0.673998
0.970366
0.977368
0.107572
0.120532
0.996530
0.244352
0.056875
0.031693
0.000894
0.997624
0.903417
0.300428
0.995755
0.005183
0.125108
0.998820
0.993946
0.997951
0.005663
0.427896
0.005909
0.974680
0.995950
0.732140
0.068563
0.122576
0.998551
0.025512
0.881014
0.026438
0.982631
0.380390
0.999428
0.997434
0.295593
0.195480
0.037544
0.590885
0.053519
0.994764
0.013121
0.999354
0.997851
0.992582
0.994413
0.003226
0.010870
0.992625
0.179526
0.653033
0.002868
0.999730
0.915525
0.995934
0.037063
0.998440
0.925652
0.003834
0.852522
0.980821
0.010744
0.989138
0.516988
0.774257
0.254218
0.118456
0.033947
0.366422
0.102303
0.541525
0.366473
0.993858
0.791230
0.996379
0.997500
0.999299
0.997031
0.153453
0.047618
0.984146
0.146607
0.998896
0.995860
0.001226
0.005190
0.988107
0.014495
0.016065
0.303009
0.993114
0.120700
0.933266
0.025448
0.036783
0.996379
0.080001
0.667597
0.006496
0.003172
0.013657
0.976472
0.006865
0.993911
0.477012
0.547114
0.997574
0.808960
0.031339
0.999085
0.001495
0.998116
0.999411
0.000789
0.009608
0.014592
0.998146
0.993519
0.000860
0.996712
0.618555
0.989166
0.024702
0.995264
0.091586
0.001991
0.052580
0.004831
0.999155
0.141880
0.999410
0.993476
0.201924
0.027498
0.009265
0.941306
0.026528
0.941198
0.010601
0.008573
0.524986
0.996007
0.948866
0.681756
0.106604
0.995331
0.959940
0.001505
0.998254
0.872872
0.008832
0.991390
0.993658
0.994913
0.003839
0.998904
0.997612
0.057386
0.948874
0.112869
0.946150
0.988560
0.374864
0.091581
0.429166
0.723889
0.145078
0.010701
0.129501
0.968198
0.979974
0.003473
0.975528
0.002845
0.011813
0.079870
0.001896
0.768683
0.002629
0.991941
0.642648
0.993744
0.018792
0.240606
0.003886
0.006730
0.046707
0.180629
0.997149
0.001663
0.999335
0.088078
0.998095
0.136583
0.008023
0.996143
0.011800
0.013072
0.032541
0.011074
0.966664
0.986450
0.979877
0.001945
0.998026
0.002672
0.004536
0.978303
0.009359
0.251369
0.068447
0.181553
0.009461
0.003555
0.997057
0.013233
0.999097
0.995415
0.003134
0.244991
0.005196
0.004011
0.996684
0.953392
0.002811
0.116624
0.694754
0.084345
0.927931
0.908033
0.997682
0.951778
0.164787
0.981666
0.069676
0.989986
0.026245
0.952432
0.994971
0.998479
0.243582
0.099672
0.005227
0.140208
0.231030
0.000356
0.989050
0.005476
0.003558
0.035680
0.004837
0.003399
0.982794
0.019182
0.098351
0.738513
0.005803
0.226484
0.118366
0.006279
0.980731
0.998865
0.990002
0.756200
0.000855
0.088855
0.992672
0.012889
0.000705
0.998910
0.178278
0.001310
0.019133
0.914042
0.217911
0.164329
0.916864
0.999527
0.995465
0.999458
0.078864
0.996830
0.055586
0.000652
0.005103
0.283777
0.009548
0.999716
0.001674
0.998775
0.999516
0.995402
0.000574
0.994434
0.996528
0.997621
0.006103
0.995556
0.106722
0.984763
0.251127
0.998278
0.962086
0.987690
0.339150
0.018545
0.031965
0.997910
0.893969
0.020218
0.219235
0.006843
0.996980
0.021404
0.152506
0.861805
0.998008
0.001172
0.468875
0.865359
0.995360
0.999343
0.827438
0.997451
0.187935
0.999400
0.939456
0.997360
0.004064
0.008765
0.076066
0.182127
0.994422
0.997543
0.998533
0.013224
0.713558
0.900664
0.985653
0.999340
0.022510
0.028686
0.001753
0.738559
0.044570
0.123185
0.971943
0.007104
0.996953
0.151366
0.998837
0.858326
0.997137
0.986101
0.145378
0.071286
0.021961
0.995979
0.002928
0.011657
0.001101
0.999022
0.893077
0.202483
0.963846
0.002065
0.026178
0.848318
0.004723
0.018702
0.028017
0.000625
0.999242
0.997984
0.995200
0.008401
0.015622
0.997663
0.997164
0.984617
0.047350
0.983424
0.543553
0.000390
0.000441
0.984048
0.871112
0.149038
0.996140
0.998541
0.022372
0.994203
0.003406
0.999151
0.996846
0.640368
0.996552
0.002074
0.994586
0.969981
0.001557
0.006076
0.975837
0.996881
0.996405
0.998242
0.008749
0.048435
0.070160
0.997900
0.783226
0.998133
0.109558
0.992355
0.459101
0.474248
0.999338
0.774731
0.007695
0.006469
0.993196
0.955883
0.990006
0.001417
0.997165
0.999349
0.823947
0.999179
0.284061
0.175510
0.986804
0.000752
0.749292
0.046289
0.981797
0.850615
0.993558
0.013403
0.965276
0.963748
0.976747
0.032062
0.000717
0.997144
0.222761
0.001486
0.025472
0.007281
0.990954
0.002069
0.214407
0.006634
0.137776
0.987977
0.990464
0.996983
0.994731
0.002824
0.990913
0.971703
0.979606
0.507203
0.002645
0.998103
0.031607
0.000791
0.180859
0.987490
0.999120
0.989825
0.892921
0.003405
0.986503
0.048062
0.099144
0.531593
0.987776
0.000387
0.993975
0.870233
0.995437
0.002503
0.021596
0.998116
0.563383
0.014195
0.520062
0.074601
0.071978
0.065005
0.996940
0.948545
0.002624
0.969555
0.997453
0.932527
0.872805
0.997319
0.953054
0.178461
0.012674
0.003447
0.630918
0.007752
0.016509
0.999390
0.981887
0.999190
0.025493
0.005182
0.557534
0.001360
0.502255
0.756297
0.642685
0.784683
0.002584
0.696491
0.007371
0.645274
0.569243
0.981704
0.986982
0.004516
0.998164
0.014924
0.154547
0.997037
0.000683
0.978725
0.628140
0.993624
0.999322
0.074646
0.995313
0.006355
0.330686
0.000535
0.999436
0.273226
0.000390
0.032427
0.003198
0.990131
0.083800
0.892176
0.952236
0.489320
0.318529
0.001402
0.001325
0.033106
0.002344
0.995946
0.001022
0.963343
0.205028
0.087923
0.041777
0.001354
0.997744
0.004316
0.984782
0.272939
0.001642
0.029733
0.072369
0.834942
0.994371
0.017912
0.003150
0.998417
0.997279
0.000785
0.015606
0.937690
0.003381
0.992309
0.998802
0.995290
0.001729
0.099515
0.995401
0.998684
0.093197
0.012940
0.001307
0.001987
0.106272
0.050253
0.998885
0.000672
0.995562
0.999574
0.996412
0.772855
0.991258
0.105383
0.003463
0.009762
0.154803
0.997594
0.043024
0.000745
0.784948
0.006790
0.595539
0.192422
0.000634
0.999073
0.605296
0.001614
0.001593
0.996190
0.077180
0.179198
0.000634
0.997936
0.993541
0.001425
0.977403
0.075755
0.004001
0.027537
0.554616
0.085154
0.999614
0.003237
0.049647
0.001160
0.315259
0.984738
0.370547
0.975428
0.996162
0.681825
0.998570
0.008849
0.004211
0.994666
0.999216
0.946973
0.992075
0.978625
0.007075
0.169927
0.996897
0.966593
0.172478
0.980545
0.028594
0.995436
0.969958
0.982442
0.000902
0.715943
0.130086
0.920741
0.027661
0.971659
0.918109
0.030427
0.688419
0.021022
0.019549
0.988438
0.006934
0.378728
0.009590
0.151258
0.526982
0.009708
0.067878
0.997123
0.992556
0.999238
0.000945
0.856836
0.001297
0.056284
0.001482
0.057251
0.998326
0.980570
0.776521
0.298151
0.020233
0.992023
0.318792
0.991672
0.945535
0.000614
0.005159
0.999327
0.003675
0.001027
0.806713
0.998165
0.005787
0.976962
0.649498
0.430649
0.981041
0.920557
0.060072
0.376231
0.982034
0.993932
0.003481
0.996028
0.991591
0.613534
0.015064
0.014547
0.897113
0.098035
0.072005
0.017249
0.186462
0.997163
0.690070
0.016441
0.126386
0.003127
0.999535
0.997112
0.625713
0.999120
0.994148
0.528796
0.997687
0.998433
0.944767
0.002597
0.104930
0.425618
0.001518
0.179619
0.997568
0.109911
0.994057
0.946533
0.035851
0.128363
0.996045
0.984897
0.002153
0.900621
0.005498
0.011663
0.998351
0.928326
0.003174
0.988959
0.008324
0.648483
0.967305
0.010585
0.968020
0.012644
0.004071
0.998103
0.285473
0.300233
0.995170
0.018231
0.987084
0.984843
0.992739
0.994027
0.001420
0.998806
0.113638
0.000208
0.030045
0.001072
0.725006
0.001520
0.995827
0.926797
0.002030
0.005703
0.993237
0.025023
0.356648
0.172073
0.998863
0.964072
0.198927
0.992207
0.059198
0.000820
0.910718
0.997307
0.089657
0.023875
0.826473
0.891955
0.021811
0.069158
0.998813
0.007099
0.886742
0.760441
0.000657
0.963555
0.169705
0.023029
0.017342
0.015240
0.260793
0.984194
0.995550
0.996827
0.990310
0.998601
0.013794
0.003668
0.989938
0.015913
0.243357
0.004496
0.020003
0.001729
0.025703
0.212213
0.001962
0.004837
0.999255
0.011680
0.001574
0.993680
0.011962
0.355355
0.919822
0.999284
0.007456
0.017806
0.272066
0.003311
0.280205
0.000612
0.017017
0.001918
0.000598
0.994460
0.002434
0.032059
0.998823
0.536804
0.077911
0.976237
0.116315
0.734843
0.945189
0.111763
0.000528
0.820422
0.016537
0.000790
0.005502
0.916514
0.864594
0.223045
0.001097
0.543650
0.003042
0.145728
0.038528
0.989697
0.968863
0.999307
0.751259
0.000933
0.530254
0.218817
0.984546
0.005599
0.833059
0.181963
0.003744
0.213726
0.997138
0.000298
0.994763
0.992366
0.999275
0.032704
0.979988
0.996810
0.999117
0.561914
0.295654
0.868939
0.997064
0.999048
0.001040
0.521019
0.995826
0.442968
0.013369
0.988953
0.999539
0.997834
0.981532
0.224365
0.006672
0.993839
0.007428
0.991951
0.021276
0.496972
0.009206
0.998279
0.921157
0.820073
0.998455
0.995021
0.996652
0.952988
0.999509
0.002121
0.987234
0.996119
0.006051
0.122617
0.010708
0.995443
0.999260
0.804358
0.997719
0.253887
0.119661
0.984997
0.973434
0.115943
0.046455
0.991626
0.971742
0.894843
0.017073
0.975709
0.656748
0.987538
0.033996
0.036260
0.003419
0.568319
0.002364
0.021600
0.965541
0.996056
0.046443
0.042320
0.001381
0.977363
0.919927
0.001126
0.010578
0.007091
0.997427
0.999250
0.989835
0.995827
0.088399
0.969859
0.004891
0.086315
0.034825
0.000799
0.987899
0.967909
0.082749
0.882154
0.002131
0.308663
0.001117
0.939097
0.998679
0.994161
0.005268
0.000196
0.882542
0.050473
0.006575
0.998811
0.312992
0.010966
0.994930
0.991244
0.996390
0.934608
0.003990
0.976757
0.042057
0.873345
0.945791
0.039471
0.800056
0.974352
0.406171
0.037404
0.999534
0.115862
0.989655
0.967792
0.441011
0.003623
0.981414
0.998632
0.994873
0.055993
0.996460
0.996860
0.016774
0.920316
0.002248
0.055153
0.235769
0.998144
0.529920
0.637957
0.992494
0.891661
0.924947
0.793632
0.008397
0.073688
0.998755
0.147459
0.123226
0.995848
0.939786
0.986078
0.978916
0.994764
0.946564
0.086792
0.026053
0.994048
0.005474
0.171891
0.001781
0.029278
0.509911
0.466811
0.999049
0.564467
0.068869
0.996045
0.064962
0.118312
0.393083
0.945940
0.013981
0.358975
0.808368
0.166220
0.069175
0.787868
0.341509
0.121940
0.013736
0.941892
0.017378
0.999061
0.375348
0.995734
0.005742
0.072267
0.000654
0.992778
0.821290
0.258486
0.012541
0.092327
0.991981
0.992577
0.996468
0.998424
0.028921
0.001844
0.035823
0.429887
0.997862
0.998499
0.997713
0.977756
0.005981
0.980540
0.067907
0.008073
0.007818
0.001285
0.998078
0.980609
0.992994
0.992326
0.487584
0.890284
0.008836
0.979731
0.155868
0.996109
0.995809
0.042530
0.000863
0.759540
0.998168
0.043864
0.888444
0.027105
0.039668
0.034423
0.998715
0.099948
0.999495
0.090145
0.065979
0.505646
0.057949
0.587692
0.003619
0.994764
0.003767
0.046524
0.995766
0.995838
0.999320
0.993806
0.016870
0.151128
0.918195
0.001769
0.998468
0.964178
0.000756
0.999729
0.075075
0.235083
0.293999
0.998070
0.003295
0.988005
0.762989
0.709631
0.247344
0.998868
0.625874
0.790201
0.992192
0.993030
0.994564
0.006263
0.000371
0.998327
0.020859
0.975009
0.998995
0.998599
0.996451
0.998708
0.007681
0.998781
0.001118
0.003682
0.677836
0.988352
0.714683
0.629873
0.052537
0.011377
0.011116
0.927175
0.998061
0.293956
0.998616
0.998775
0.094972
0.002301
0.016323
0.005635
0.983719
0.078506
0.998884
0.996688
0.001917
0.595720
0.996496
0.114873
0.199444
0.965943
0.699984
0.987278
0.045879
0.089747
0.004513
0.009585
0.898564
0.994666
0.998677
0.002151
0.033393
0.356244
0.998663
0.168072
0.042013
0.994378
0.000813
0.193400
0.999584
0.996780
0.996255
0.987036
0.350245
0.999305
0.973200
0.916094
0.008666
0.356243
0.995494
0.007396
0.722418
0.999891
0.971238
0.960961
0.001611
0.997627
0.001219
0.855353
0.004682
0.492051
0.998932
0.021855
0.006750
0.021909
0.967547
0.986757
0.255666
0.043492
0.997584
0.777567
0.999239
0.014532
0.001493
0.037792
0.034719
0.998080
0.191897
0.001212
0.999480
0.992794
0.000744
0.996289
0.994593
0.890336
0.997798
0.002128
0.974475
0.213594
0.006203
0.006770
0.394348
0.003709
0.038847
0.008918
0.997718
0.998601
0.158596
0.052266
0.386054
0.930347
0.000474
0.003763
0.776040
0.001759
0.014315
0.044203
0.983155
0.009303
0.001683
0.942678
0.995588
0.123663
0.021126
0.994653
0.997704
0.000932
0.999009
0.007661
0.193338
0.997141
0.150070
0.009955
0.015013
0.647159
0.998016
0.268174
0.071067
0.993720
0.504228
0.996108
0.968609
0.039553
0.996927
0.999112
0.958961
0.999734
0.938124
0.200155
0.005307
0.000214
0.023455
0.322299
0.001562
0.003529
0.985172
0.037065
0.997748
0.051534
0.044521
0.993360
0.010776
0.996476
0.019467
0.000482
0.171543
0.006021
0.010991
0.180814
0.960414
0.000552
0.999242
0.997387
0.290484
0.006163
0.008568
0.982782
0.999256
0.001088
0.161046
0.008430
0.998677
0.003796
0.938019
0.129684
0.094422
0.997918
0.984032
0.007025
0.996078
0.014799
0.003600
0.983085
0.401256
0.999170
0.999140
0.997281
0.985249
0.178678
0.056787
0.047159
0.999381
0.003949
0.016733
0.997929
0.998103
0.999303
0.964536
0.422648
0.002720
0.030566
0.998606
0.947055
0.125848
0.839737
0.079294
0.012334
0.040564
0.319305
0.627748
0.014553
0.772386
0.003371
0.006515
0.998603
0.020717
0.048321
0.041852
0.005255
0.877582
0.998574
0.054591
0.007311
0.678090
0.628006
0.076841
0.977921
0.000729
0.988001
0.403715
0.882645
0.998305
0.999003
0.991730
0.001474
0.000421
0.011998
0.737482
0.005266
0.063927
0.020356
0.007655
0.006170
0.057855
0.997924
0.055850
0.186419
0.018248
0.599538
0.987015
0.996488
0.988770
0.959089
0.998249
0.235429
0.991717
0.014146
0.964831
0.927167
0.005992
0.260140
0.033024
0.671758
0.695998
0.032827
0.987762
0.029347
0.998042
0.996782
0.426495
0.171713
0.564657
0.057156
0.003121
0.008163
0.963353
0.997538
0.001906
0.992672
0.999641
0.022859
0.973880
0.627968
0.999283
0.999086
0.090851
0.017830
0.963196
0.154612
0.009873
0.037648
0.996504
0.131957
0.002861
0.003633
0.006861
0.009880
0.105235
0.417133
0.995187
0.996735
0.994914
0.726967
0.986834
0.856250
0.994558
0.203242
0.022976
0.999163
0.260654
0.000755
0.063040
0.024501
0.976679
0.127103
0.024087
0.847288
0.156449
0.994019
0.998855
0.278061
0.002018
0.020416
0.999345
0.789459
0.995341
0.009041
0.002042
0.398075
0.709399
0.859746
0.931238
0.999299
0.001653
0.027238
0.558491
0.072448
0.001287
0.000648
0.927722
0.997166
0.071253
0.102838
0.168087
0.998264
0.999120
0.007453
0.001237
0.000830
0.001708
0.997244
0.746325
0.227378
0.987813
0.995254
0.059972
0.992145
0.979271
0.010979
0.778300
0.751299
0.065476
0.083187
0.242343
0.996461
0.993637
0.004180
0.341029
0.169113
0.059661
0.013801
0.995272
0.016247
0.129046
0.015691
0.997977
0.245184
0.397251
0.037972
0.997750
0.820398
0.104393
0.003638
0.665144
0.001293
0.995187
0.997541
0.992707
0.997843
0.058836
0.042675
0.000733
0.023413
0.180821
0.758232
0.263177
0.004443
0.805727
0.003069
0.231197
0.998675
0.001049
0.884381
0.002325
0.564020
0.872011
0.804250
0.005250
0.997011
0.996590
0.813472
0.083952
0.000367
0.014508
0.983356
0.995265
0.998904
0.065279
0.092788
0.836330
0.996114
0.002589
0.995347
0.036705
0.952019
0.993258
0.999067
0.001395
0.867966
0.948928
0.986578
0.011353
0.033992
0.034916
0.024943
0.989362
0.020533
0.000495
0.977126
0.122596
0.002091
0.996328
0.030855
0.180754
0.005211
0.969672
0.997635
0.157667
0.007975
0.115245
0.831140
0.975288
0.024550
0.987689
0.136767
0.008602
0.001874
0.007381
0.010539
0.008859
0.998047
0.929981
0.976417
0.159339
0.356352
0.471414
0.997946
0.496981
0.004091
0.015515
0.081909
0.048488
0.993674
0.003334
0.003845
0.988020
0.010389
0.016559
0.999101
0.013989
0.009987
0.241726
0.047919
0.002548
0.996333
0.032871
0.019777
0.994761
0.025118
0.997874
0.003921
0.997547
0.988323
0.062185
0.961355
0.961127
0.269180
0.994251
0.053982
0.339342
0.033853
0.966816
0.000855
0.005160
0.680456
0.000612
0.194568
0.047724
0.021500
0.090978
0.996729
0.077167
0.769124
0.999387
0.999683
0.031862
0.008437
0.997508
0.995120
0.996213
0.852408
0.907594
0.006680
0.008633
0.999672
0.998858
0.988834
0.997622
0.004679
0.008704
0.092120
0.010190
0.815081
0.002258
0.000456
0.571318
0.804085
0.998635
0.941675
0.001270
0.151335
0.894652
0.946642
0.214769
0.991434
0.975948
0.005765
0.002658
0.979967
0.185697
0.997844
0.001476
0.712166
0.173881
0.580541
0.996732
0.041872
0.993728
0.018028
0.037141
0.996402
0.999459
0.993595
0.354662
0.028181
0.067334
0.156050
0.014175
0.999208
0.001275
0.290804
0.980592
0.998308
0.054524
0.565844
0.184401
0.997618
0.991538
0.011333
0.073987
0.986966
0.990749
0.006327
0.665019
0.032256
0.998493
0.001270
0.995630
0.996299
0.996105
0.031555
0.001999
0.208271
0.985897
0.002035
0.068835
0.031694
0.952706
0.994168
0.930849
0.008505
0.661204
0.001728
0.001658
0.149294
0.745558
0.120525
0.728303
0.858724
0.151241
0.285311
0.999742
0.902479
0.980249
0.000471
0.999739
0.239354
0.993608
0.874161
0.993974
0.990142
0.012009
0.882172
0.002631
0.554990
0.002565
0.923244
0.002405
0.998801
0.590919
0.848890
0.997641
0.035093
0.916001
0.855949
0.998080
0.998925
0.998692
0.214009
0.001439
0.994846
0.999281
0.970599
0.001261
0.267254
0.945385
0.013370
0.019211
0.992400
0.987535
0.992829
0.936718
0.997464
0.997877
0.528465
0.003464
0.946070
0.169054
0.019868
0.871814
0.994756
0.857811
0.001965
0.991151
0.999091
0.045845
0.001724
0.051511
0.962795
0.024103
0.001226
0.993704
0.015675
0.994925
0.070961
0.997262
0.993073
0.996585
0.994738
0.001119
0.012564
0.996903
0.982798
0.009888
0.545908
0.019083
0.101212
0.970825
0.966057
0.993736
0.998745
0.003391
0.979852
0.994318
0.998424
0.976521
0.936598
0.024516
0.002827
0.001313
0.004504
0.418317
0.793317
0.049457
0.955466
0.998930
0.860020
0.368685
0.998295
0.369304
0.103705
0.999270
0.989736
0.032927
0.003741
0.142595
0.024065
0.998707
0.014471
0.994493
0.993924
0.976828
0.017640
0.993587
0.996557
0.681216
0.004975
0.998449
0.790549
0.001716
0.997329
0.996303
0.996768
0.042606
0.034868
0.001336
0.995532
0.050387
0.998936
0.997025
0.995928
0.998384
0.002991
0.996469
0.984535
0.989178
0.997861
0.054606
0.281234
0.001324
0.995876
0.997785
0.998833
0.084987
0.189428
0.807848
0.997879
0.009747
0.998332
0.001132
0.994044
0.006592
0.103757
0.950914
0.991138
0.998669
0.996727
0.012142
0.998743
0.998988
0.968321
0.824263
0.999184
0.995656
0.142888
0.985097
0.053802
0.997010
0.035346
0.005785
0.998217
0.003789
0.650629
0.000438
0.224968
0.999389
0.007422
0.003220
0.007052
0.952139
0.179130
0.315737
0.994104
0.965709
0.138989
0.999442
0.997180
0.998393
0.887909
0.158520
0.182890
0.997648
0.998731
0.000443
0.086489
0.808557
0.010915
0.001570
0.998701
0.999414
0.026651
0.081910
0.003529
0.001046
0.988390
0.023964
0.001567
0.003342
0.065127
0.295945
0.026568
0.995015
0.999710
0.599956
0.759945
0.991218
0.321387
0.087350
0.999776
0.471328
0.983704
0.006074
0.000413
0.683806
0.785055
0.996836
0.986377
0.998293
0.054399
0.004166
0.996940
0.998361
0.071559
0.081827
0.872214
0.997391
0.031328
0.009043
0.978154
0.996745
0.977635
0.996407
0.003413
0.997206
0.002996
0.977934
0.033758
0.015272
0.996346
0.005174
0.995838
0.157417
0.019854
0.101768
0.150083
0.015725
0.006672
0.000545
0.999168
0.700292
0.999634
0.014294
0.031406
0.001263
0.986808
0.043868
0.003227
0.026191
0.995836
0.989059
0.997811
0.998410
0.640593
0.289797
0.001848
0.992444
0.997107
0.006645
0.030903
0.085946
0.997197
0.006639
0.006601
0.003958
0.062462
0.007223
0.020600
0.227271
0.001229
0.961074
0.718340
0.998464
0.159750
0.686336
0.984607
0.004230
0.974782
0.002535
0.993902
0.014746
0.830377
0.976781
0.007468
0.358796
0.003565
0.998814
0.997976
0.087907
0.993167
0.960570
0.099474
0.988876
0.927889
0.001640
0.734360
0.998269
0.637931
0.066072
0.998850
0.039273
0.997865
0.999070
0.953582
0.200988
0.187752
0.133359
0.026120
0.998155
0.012540
0.269901
0.011647
0.837099
0.942817
0.990696
0.333836
0.994860
0.014689
0.083603
0.177319
0.067081
0.995026
0.982745
0.000689
0.015765
0.002624
0.984911
0.300290
0.073557
0.121107
0.998747
0.998464
0.980646
0.050394
0.052107
0.901597
0.009767
0.001667
0.999119
0.403034
0.001484
0.001243
0.021226
0.484805
0.106175
0.137319
0.281094
0.999695
0.992315
0.980293
0.001640
0.006304
0.013891
0.006770
0.097001
0.016924
0.998932
0.994050
0.023129
0.034720
0.996286
0.933297
0.990096
0.002762
0.020266
0.925672
0.002719
0.999327
0.031528
0.963815
0.814937
0.938328
0.989487
0.059924
0.012498
0.010728
0.585377
0.509687
0.996516
0.993992
0.998683
0.158435
0.858555
0.996718
0.996696
0.002652
0.002409
0.409536
0.987139
0.110944
0.990951
0.775322
0.001293
0.001851
0.001755
0.011586
0.999701
0.010753
0.011216
0.011066
0.011507
0.995597
0.039945
0.015512
0.998703
0.107598
0.474202
0.982155
0.001847
0.004803
0.946558
0.995501
0.001167
0.018398
0.242314
0.018087
0.019905
0.410955
0.002337
0.006085
0.042548
0.017036
0.680609
0.095825
0.000929
0.001435
0.330073
0.001423
0.041515
0.006575
0.516719
0.997152
0.986639
0.987538
0.985749
0.304926
0.045935
0.062283
0.000861
0.353875
0.997368
0.001511
0.976864
0.027953
0.247855
0.144194
0.367522
0.991205
0.094168
0.017865
0.850715
0.241868
0.990626
0.001868
0.778048
0.979981
0.996260
0.995776
0.089749
0.997895
0.001093
0.007479
0.613973
0.012534
0.003328
0.994556
0.020303
0.375376
0.607275
0.025767
0.269906
0.002143
0.014894
0.003737
0.259212
0.996423
0.000357
0.982028
0.005434
0.958252
0.001983
0.003615
0.265933
0.149876
0.372013
0.159820
0.001503
0.029392
0.929527
0.031331
0.951162
0.999452
0.043520
0.003851
0.275299
0.989248
0.006096
0.002151
0.998736
0.481224
0.902473
0.014093
0.257645
0.004544
0.045353
0.001168
0.003240
0.002309
0.993405
0.999373
0.158125
0.899079
0.989514
0.995059
0.000579
0.067314
0.988077
0.001423
0.302013
0.142692
0.997298
0.307430
0.216138
0.381924
0.803952
0.992962
0.925872
0.999342
0.991618
0.999367
0.000394
0.198741
0.000547
0.445293
0.036471
0.006290
0.768676
0.810721
0.003942
0.979966
0.064421
0.539850
0.337686
0.034284
0.771674
0.015882
0.989419
0.009765
0.496081
0.979828
0.971770
0.039475
0.993849
0.999332
0.307226
0.000842
0.996589
0.997465
0.990095
0.003758
0.940512
0.028316
0.999285
0.988848
0.009398
0.995224
0.002578
0.999699
0.202870
0.001404
0.982340
0.876856
0.006384
0.390124
0.010743
0.003827
0.997077
0.053705
0.000756
0.993058
0.429830
0.996542
0.997944
0.999256
0.709452
0.006720
0.000630
0.049503
0.014968
0.962190
0.946739
0.997630
0.731400
0.998879
0.063128
0.045114
0.039019
0.999329
0.998488
0.000975
0.995189
0.999165
0.975148
0.011513
0.981469
0.932719
0.618057
0.002541
0.002937
0.004190
0.000432
0.952201
0.241206
0.984567
0.047419
0.048463
0.007896
0.072044
0.992619
0.999592
0.001021
0.000418
0.734831
0.994564
0.027500
0.530387
0.750495
0.016948
0.639807
0.417302
0.518872
0.016879
0.997722
0.999287
0.993992
0.129979
0.498291
0.975222
0.576208
0.996605
0.050770
0.268719
0.002469
0.955807
0.681934
0.000885
0.168600
0.985114
0.086771
0.002989
0.047136
0.010353
0.007581
0.088040
0.609071
0.999012
0.002149
0.155727
0.100565
0.994714
0.000452
0.001615
0.007798
0.719064
0.997191
0.998969
0.233819
0.007223
0.006290
0.038931
0.993619
0.011314
0.992064
0.006368
0.875572
0.959026
0.767837
0.034045
0.994202
0.045082
0.996490
0.998218
0.002556
0.041657
0.001639
0.992730
0.999377
0.997343
0.485685
0.997604
0.914719
0.998956
0.989976
0.997129
0.001185
0.002742
0.996708
0.017147
0.613765
0.001363
0.992508
0.000250
0.974856
0.962633
0.092634
0.185711
0.562129
0.107831
0.978169
0.990257
0.994484
0.987643
0.378847
0.996700
0.997327
0.440485
0.000870
0.997337
0.999231
0.776368
0.993317
0.001842
0.998227
0.005226
0.001573
0.847810
0.991553
0.997404
0.070271
0.006323
0.787883
0.004250
0.960323
0.604011
0.007964
0.390420
0.152261
0.994842
0.005084
0.991913
0.084887
0.010754
0.971702
0.171779
0.942455
0.974320
0.990615
0.011406
0.142487
0.996971
0.982950
0.009343
0.274109
0.034432
0.987421
0.017026
0.013425
0.861171
0.859294
0.978643
0.024520
0.652014
0.974789
0.974121
0.893372
0.997010
0.006363
0.802672
0.999665
0.062885
0.001744
0.700937
0.009806
0.007840
0.726103
0.125635
0.956434
0.000225
0.014010
0.366267
0.004624
0.993176
0.992241
0.008996
0.996681
0.000357
0.999141
0.126808
0.759399
0.996657
0.998203
0.006146
0.080059
0.045105
0.095564
0.097460
0.744578
0.982515
0.000896
0.002799
0.105591
0.200484
0.771913
0.992674
0.038264
0.999079
0.896488
0.922090
0.996285
0.998844
0.997817
0.892306
0.001173
0.045775
0.001853
0.004421
0.014564
0.053332
0.997122
0.640793
0.999602
0.997182
0.015989
0.928129
0.006421
0.102269
0.795663
0.163015
0.065668
0.996365
0.990842
0.992017
0.040109
0.001340
0.983064
0.867266
0.649112
0.071569
0.996725
0.014088
0.992858
0.995761
0.006595
0.221085
0.209762
0.982587
0.756581
0.997059
0.998566
0.995868
0.010580
0.986179
0.000909
0.005710
0.999355
0.033212
0.000995
0.002946
0.990378
0.049780
0.213412
0.470413
0.998576
0.067606
0.234676
0.013192
0.002817
0.063466
0.003696
0.092353
0.867213
0.999261
0.093190
0.004055
0.063991
0.002968
0.993190
0.877222
0.984280
0.000523
0.004165
0.069859
0.003375
0.997217
0.146700
0.894068
0.014072
0.215547
0.973669
0.003798
0.952994
0.006373
0.128514
0.948980
0.998766
0.999313
0.988628
0.001736
0.001562
0.992337
0.605664
0.999103
0.994138
0.446908
0.129533
0.995674
0.003896
0.997366
0.993647
0.017485
0.001226
0.998149
0.389862
0.986010
0.971709
0.999658
0.002821
0.808119
0.004498
0.026107
0.997219
0.019873
0.098330
0.162502
0.006339
0.970404
0.094384
0.996120
0.995975
0.999643
0.259536
0.996890
0.852464
0.039989
0.007168
0.997762
0.063488
0.114673
0.031256
0.831769
0.997029
0.880865
0.017410
0.106424
0.959004
0.373480
0.999339
0.993093
0.001979
0.044262
0.000627
0.953801
0.352338
0.001842
0.484490
0.833780
0.020341
0.997308
0.198803
0.995138
0.005081
0.000802
0.985406
0.086703
0.998992
0.004320
0.997492
0.992122
0.998490
0.400794
0.001072
0.912665
0.997869
0.000742
0.009501
0.995428
0.009537
0.928869
0.608497
0.046337
0.134020
0.362713
0.194437
0.010933
0.076253
0.993818
0.004184
0.082975
0.996702
0.002450
0.884898
0.000755
0.996560
0.986125
0.047902
0.999217
0.600957
0.021489
0.998500
0.998125
0.132955
0.995885
0.038818
0.004861
0.258529
0.977430
0.008356
0.996807
0.990925
0.000929
0.969412
0.993918
0.203967
0.990227
0.001915
0.313848
0.997255
0.001471
0.038080
0.003460
0.180688
0.983491
0.996198
0.055267
0.100007
0.710298
0.061183
0.011196
0.993678
0.032573
0.001454
0.004589
0.010702
0.002907
0.997872
0.077150
0.933449
0.004216
0.989293
0.992808
0.998583
0.995879
0.983119
0.433674
0.030241
0.018179
0.999381
0.001015
0.205337
0.016844
0.991540
0.000878
0.997990
0.999373
0.001628
0.993173
0.011977
0.124748
0.001636
0.996481
0.999030
0.995378
0.102776
0.584572
0.133959
0.159073
0.034779
0.993152
0.844381
0.771728
0.996647
0.000806
0.008498
0.013455
0.745419
0.124716
0.006911
0.012255
0.012314
0.341032
0.938222
0.322061
0.058919
0.184175
0.999505
0.983796
0.055392
0.213690
0.999268
0.988007
0.978169
0.207031
0.109381
0.983270
0.930221
0.974897
0.993561
0.914523
0.997847
0.000979
0.021276
0.331451
0.933065
0.300425
0.101059
0.001102
0.041910
0.471921
0.539128
0.048168
0.666355
0.930269
0.007266
0.925768
0.236995
0.002360
0.953935
0.004693
0.803530
0.013013
0.004447
0.040795
0.562146
0.173231
0.320665
0.002075
0.862878
0.005797
0.007924
0.945606
0.998679
0.013624
0.003326
0.001647
0.013121
0.994676
0.971952
0.734436
0.000786
0.490613
0.018729
0.987598
0.590893
0.957966
0.137653
0.989135
0.997427
0.998966
0.000751
0.991066
0.015588
0.910244
0.987743
0.002024
0.002829
0.999517
0.909176
0.003165
0.187893
0.005528
0.179962
0.004464
0.258222
0.999402
0.914612
0.997145
0.999061
0.998383
0.998541
0.180546
0.983227
0.863416
0.046428
0.035920
0.001046
0.545602
0.928173
0.995636
0.224260
0.650974
0.051368
0.728973
0.176841
0.001115
0.992282
0.982465
0.997106
0.934193
0.428264
0.005805
0.084956
0.829614
0.992968
0.001933
0.376839
0.997619
0.460939
0.993933
0.983979
0.873503
0.962441
0.057756
0.008917
0.896172
0.996043
0.993881
0.985994
0.994042
0.015266
0.996830
0.005156
0.030609
0.000635
0.001929
0.999661
0.029695
0.332308
0.014752
0.003687
0.996435
0.997148
0.000359
0.098669
0.025414
0.974854
0.874255
0.896959
0.991619
0.250944
0.471251
0.005744
0.615305
0.997364
0.834653
0.753509
0.035336
0.997505
0.997503
0.023978
0.244926
0.169996
0.011570
0.810330
0.978441
0.772286
0.992822
0.157731
0.962439
0.003835
0.993041
0.002389
0.000821
0.029518
0.011195
0.007582
0.994711
0.005193
0.011869
0.951638
0.996928
0.062143
0.540608
0.001774
0.007215
0.511821
0.001049
0.998378
0.996941
0.047293
0.997772
0.021744
0.011674
0.626015
0.001186
0.003521
0.482119
0.945430
0.999695
0.519509
0.577300
0.007477
0.894372
0.988854
0.004283
0.001520
0.998150
0.985848
0.014094
0.913598
0.993401
0.002054
0.034124
0.956600
0.005982
0.045957
0.995907
0.182524
0.997216
0.988752
0.240845
0.999070
0.432760
0.988835
0.317528
0.999214
0.309465
0.998629
0.206724
0.003243
0.004806
0.002221
0.669972
0.622204
0.823219
0.996390
0.045298
0.761892
0.001446
0.996339
0.079906
0.934971
0.983504
0.002434
0.153666
0.001561
0.251329
0.147547
0.001138
0.131714
0.976990
0.000475
0.997526
0.992192
0.138337
0.997722
0.010868
0.996211
0.994790
0.031212
0.954042
0.998551
0.953743
0.993298
0.011340
0.993746
0.902693
0.990160
0.771976
0.068079
0.991372
0.273310
0.002180
0.124408
0.174690
0.105793
0.144866
0.187903
0.000337
0.957703
0.678301
0.995707
0.162646
0.004862
0.800684
0.992454
0.997951
0.344409
0.020176
0.998255
0.762302
0.986042
0.038668
0.999748
0.022023
0.055640
0.005444
0.975604
0.974289
0.661001
0.992543
0.998663
0.089808
0.111725
0.343698
0.494970
0.993266
0.703704
0.993411
0.980213
0.987287
0.055328
0.997711
0.040598
0.011823
0.501964
0.922948
0.002338
0.999337
0.995845
0.999030
0.988445
0.190083
0.001535
0.575984
0.999533
0.997452
0.426900
0.246360
0.997597
0.963775
0.036319
0.003321
0.002263
0.001948
0.006451
0.019227
0.999815
0.014405
0.001466
0.944389
0.987816
0.084676
0.950550
0.016121
0.975953
0.388174
0.771215
0.873018
0.997213
0.536867
0.005312
0.021301
0.000496
0.094047
0.013020
0.951565
0.036031
0.594112
0.656790
0.058468
0.988911
0.000865
0.042215
0.997772
0.835535
0.002344
0.996209
0.122475
0.006815
0.008232
0.989030
0.000400
0.973541
0.027884
0.070064
0.431655
0.014945
0.997662
0.778245
0.998704
0.028204
0.230877
0.217403
0.999256
0.989319
0.992434
0.434872
0.876086
0.994822
0.004274
0.938021
0.821131
0.314002
0.976912
0.003875
0.011580
0.898402
0.993428
0.003443
0.002346
0.996991
0.989887
0.995501
0.813547
0.872187
0.018849
0.999796
0.002803
0.330515
0.095339
0.995332
0.998132
0.003845
0.985340
0.892123
0.996985
0.997828
0.352008
0.133137
0.994319
0.755074
0.966032
0.006949
0.005462
0.989502
0.046910
0.998385
0.376454
0.986442
0.998486
0.065495
0.994981
0.114446
0.999762
0.561948
0.997487
0.028815
0.998722
0.387280
0.983886
0.993236
0.263945
0.008281
0.998968
0.040327
0.996528
0.000635
0.263600
0.356732
0.999422
0.994044
0.391721
0.999132
0.991478
0.009032
0.513701
0.998510
0.001482
0.569272
0.993672
0.549944
0.998053
0.035602
0.118885
0.075207
0.917590
0.009445
0.005856
0.013383
0.121757
0.345418
0.994999
0.215739
0.998129
0.000568
0.280612
0.017582
0.998926
0.029078
0.729222
0.980276
0.886849
0.015907
0.983994
0.673149
0.018159
0.835572
0.741274
0.984118
0.648365
0.047611
0.999666
0.003575
0.946345
0.498469
0.000592
0.998637
0.913442
0.988727
0.084501
0.960511
0.336649
0.118713
0.001212
0.987772
0.999224
0.993105
0.943428
0.007330
0.038504
0.043898
0.059566
0.998247
0.460231
0.446302
0.973064
0.000544
0.005361
0.286583
0.360352
0.999117
0.329822
0.440847
0.995599
0.000684
0.970989
0.009708
0.009566
0.999242
0.001432
0.005194
0.532536
0.000491
0.004002
0.998517
0.998115
0.998735
0.995800
0.504954
0.995489
0.224006
0.017739
0.243873
0.231740
0.952735
0.993163
0.999584
0.998175
0.020380
0.000766
0.999213
0.015488
0.981342
0.715818
0.250071
0.996166
0.102920
0.066075
0.001172
0.001635
0.075505
0.003579
0.019084
0.994453
0.063747
0.995395
0.010147
0.703039
0.993526
0.998289
0.996689
0.136893
0.006580
0.004339
0.997545
0.002551
0.990385
0.013788
0.238358
0.991093
0.669345
0.992758
0.980695
0.478502
0.952262
0.009071
0.981091
0.708293
0.993971
0.981988
0.086706
0.024013
0.989544
0.997799
0.012931
0.998117
0.142674
0.103661
0.814368
0.944907
0.027837
0.996230
0.430798
0.999157
0.999408
0.007205
0.983082
0.047135
0.967932
0.999529
0.939014
0.032159
0.394832
0.996120
0.001965
0.076587
0.994255
0.016616
0.995562
0.998956
0.428041
0.992883
0.078310
0.001040
0.497978
0.002910
0.995907
0.993340
0.998725
0.982767
0.925232
0.004684
0.997202
0.005360
0.999389
0.995721
0.001167
0.013086
0.997289
0.993892
0.235182
0.995442
0.997373
0.994288
0.996455
0.998109
0.002718
0.000321
0.344050
0.002154
0.988719
0.063516
0.996855
0.029750
0.995116
0.003236
0.980114
0.992762
0.993897
0.033864
0.037256
0.999317
0.000911
0.016225
0.011374
0.852527
0.006002
0.512664
0.003785
0.022501
0.003748
0.001948
0.990652
0.995970
0.997858
0.010935
0.828958
0.020139
0.009257
0.995151
0.997038
0.000723
0.950709
0.557080
0.134615
0.115731
0.046834
0.009694
0.014333
0.996604
0.865244
0.002720
0.543274
0.961495
0.985913
0.978358
0.067620
0.999650
0.883936
0.901160
0.194966
0.070411
0.006015
0.965283
0.006142
0.987906
0.002215
0.012380
0.814732
0.043707
0.999476
0.368220
0.999249
0.258816
0.090079
0.060130
0.940829
0.994376
0.980996
0.959354
0.998911
0.018014
0.020470
0.999564
0.957620
0.003650
0.993413
0.051386
0.998002
0.965189
0.004645
0.991769
0.995775
0.114023
0.976122
0.066553
0.463222
0.011940
0.002240
0.996467
0.027341
0.037387
0.001767
0.070794
0.957041
0.865418
0.042546
0.003429
0.153311
0.993922
0.987710
0.984365
0.580222
0.996783
0.037123
0.955439
0.007604
0.993716
0.232105
0.002608
0.938300
0.008216
0.994211
0.719618
0.059128
0.019516
0.307189
0.998764
0.057410
0.963732
0.098861
0.003908
0.972956
0.024408
0.981830
0.106313
0.030468
0.999322
0.999591
0.102448
0.989107
0.997344
0.001695
0.131649
0.030318
0.015524
0.031272
0.002048
0.080022
0.998064
0.995671
0.976300
0.999120
0.995153
0.002399
0.023021
0.998552
0.122912
0.030680
0.992879
0.997299
0.998037
0.584445
0.998776
0.417369
0.006680
0.993670
0.993736
0.016831
0.978246
0.994790
0.056863
0.941114
0.081070
0.001104
0.460318
0.869049
0.997066
0.977305
0.000872
0.206034
0.004277
0.995906
0.385258
0.999286
0.070829
0.997906
0.998591
0.601913
0.999501
0.001693
0.156625
0.865078
0.993736
0.968654
0.998271
0.992552
0.250991
0.998915
0.022445
0.000552
0.003494
0.415969
0.215903
0.003028
0.220298
0.596286
0.001423
0.007197
0.001333
0.995575
0.574989
0.883225
0.997268
0.757197
0.001241
0.996259
0.001536
0.533771
0.988588
0.997313
0.182499
0.644627
0.982024
0.929747
0.979167
0.022796
0.000533
0.127738
0.997949
0.015221
0.984631
0.004410
0.981301
0.853997
0.013563
0.987362
0.998996
0.095706
0.017707
0.059583
0.998004
0.996376
0.314408
0.003827
0.028156
0.993909
0.021630
0.337114
0.998146
0.998030
0.310585
0.998858
0.145855
0.940400
0.001189
0.992660
0.071958
0.005161
0.762107
0.000642
0.975939
0.020369
0.032891
0.187940
0.996414
0.011828
0.001215
0.003516
0.054303
0.994569
0.990196
0.955323
0.459605
0.236419
0.001961
0.822556
0.801702
0.081877
0.448522
0.008370
0.995620
0.058815
0.995976
0.995132
0.012844
0.130283
0.995512
0.000972
0.985724
0.019545
0.109964
0.993219
0.996653
0.984897
0.457317
0.001422
0.090935
0.861601
0.110051
0.995723
0.999124
0.001486
0.024391
0.015325
0.994503
0.842026
0.255245
0.152450
0.290298
0.010025
0.008772
0.992414
0.310837
0.968526
0.001828
0.011300
0.005919
0.917272
0.997997
0.006294
0.032817
0.007323
0.005016
0.001087
0.999124
0.016783
0.996189
0.004674
0.140993
0.146088
0.708367
0.112080
0.995697
0.689885
0.694979
0.004720
0.893598
0.011233
0.999431
0.241800
0.994684
0.017926
0.042667
0.993974
0.727270
0.005158
0.997505
0.005526
0.043347
0.206913
0.998957
0.026180
0.167426
0.023686
0.014893
0.997656
0.992366
0.307592
0.222065
0.996878
0.937062
0.501555
0.995208
0.035307
0.027079
0.069718
0.777161
0.998440
0.023009
0.001577
0.405652
0.997820
0.989152
0.370993
0.786571
0.997906
0.785743
0.870761
0.059729
0.004265
0.785019
0.019513
0.993152
0.014327
0.168256
0.955912
0.993995
0.008522
0.995090
0.991192
0.164994
0.576418
0.041246
0.877320
0.992049
0.996950
0.056994
0.979736
0.837177
0.000389
0.069649
0.998909
0.965129
0.050598
0.005367
0.086436
0.004529
0.981279
0.386050
0.000985
0.967209
0.994777
0.305555
0.871554
0.996873
0.019825
0.901584
0.000392
0.167708
0.997008
0.998605
0.747756
0.994540
0.362413
0.039344
0.965633
0.976155
0.997423
0.184503
0.997191
0.967621
0.447013
0.009409
0.970837
0.000569
0.035291
0.991376
0.707976
0.998952
0.023679
0.998007
0.133404
0.014376
0.031937
0.044722
0.109750
0.170553
0.980056
0.979438
0.998998
0.001939
0.207108
0.999458
0.998458
0.181960
0.972145
0.021456
0.040522
0.992309
0.018203
0.014520
0.003351
0.996231
0.000627
0.035211
0.996231
0.004048
0.057785
0.384334
0.961074
0.000753
0.003323
0.046824
0.985343
0.994917
0.061983
0.938032
0.033123
0.013325
0.998979
0.000988
0.149507
0.999222
0.994393
0.670317
0.997348
0.309368
0.992470
0.034522
0.008576
0.662976
0.282629
0.004742
0.991937
0.978007
0.996765
0.003825
0.112142
0.994367
0.022672
0.995760
0.127970
0.080862
0.962655
0.059256
0.427166
0.769481
0.999024
0.016046
0.996398
0.007603
0.975383
0.000743
0.026108
0.001070
0.960396
0.001155
0.956660
0.967508
0.001052
0.003646
0.023324
0.249707
0.997474
0.855665
0.874235
0.853315
0.993596
0.971478
0.991309
0.993823
0.003023
0.003690
0.999407
0.994248
0.794809
0.236950
0.026086
0.023959
0.988743
0.002726
0.002867
0.999072
0.996727
0.994921
0.002159
0.004269
0.283525
0.995763
0.990108
0.999016
0.276365
0.996102
0.002688
0.000821
0.996399
0.134582
0.021008
0.999429
0.483254
0.001250
0.001884
0.414234
0.009953
0.127705
0.999756
0.006491
0.961382
0.898424
0.027703
0.000830
0.737588
0.019239
0.052549
0.994669
0.279842
0.006346
0.684760
0.999615
0.986175
0.022089
0.044499
0.988832
0.028115
0.004454
0.977416
0.999087
0.976137
0.994502
0.991626
0.994591
0.420874
0.984658
0.954175
0.993336
0.997199
0.740173
0.991266
0.442025
0.998677
0.001240
0.813819
0.991088
0.182435
0.998195
0.000819
0.491623
0.723949
0.975827
0.967006
0.045959
0.924135
0.637763
0.521506
0.815756
0.205616
0.241106
0.003066
0.004582
0.996801
0.638948
0.999245
0.007020
0.170853
0.004358
0.028194
0.096902
0.758350
0.002750
0.004576
0.992618
0.996765
0.775265
0.999074
0.012829
0.998178
0.237220
0.990339
0.017877
0.003043
0.001001
0.002293
0.998213
0.531693
0.998170
0.017354
0.001387
0.302340
0.001500
0.225008
0.992504
0.998176
0.003054
0.993691
0.997011
0.008704
0.998065
0.164872
0.973430
0.991278
0.005394
0.070182
0.998970
0.999656
0.997993
0.028841
0.978745
0.712468
0.808970
0.054789
0.999164
0.998185
0.996723
0.999311
0.691176
0.128868
0.044041
0.771489
0.083038
0.004907
0.421060
0.996530
0.997548
0.996956
0.965848
0.005923
0.962958
0.996195
0.997586
0.001035
0.995985
0.004660
0.996881
0.140239
0.167640
0.999523
0.251383
0.206547
0.001382
0.904716
0.916120
0.003589
0.013488
0.002585
0.000969
0.008108
0.992150
0.997646
0.084729
0.530206
0.069974
0.019005
0.007001
0.001257
0.025761
0.116999
0.995648
0.907787
0.986661
0.906696
0.001810
0.758148
0.944231
0.453410
0.003442
0.490933
0.997227
0.072235
0.985105
0.973951
0.003504
0.877100
0.998928
0.963466
0.895030
0.995158
0.967888
0.924148
0.010429
0.009510
0.038479
0.037917
0.005950
0.981639
0.015489
0.550686
0.013536
0.042253
0.993682
0.000759
0.999763
0.466196
0.889157
0.528124
0.126176
0.003376
0.994080
0.055696
0.881715
0.000717
0.000696
0.012918
0.013173
0.998778
0.993680
0.003686
0.000858
0.998395
0.911809
0.999431
0.347684
0.122612
0.013425
0.999066
0.893783
0.003482
0.532010
0.001346
0.929224
0.854043
0.051774
0.956348
0.999639
0.942648
0.008835
0.998565
0.005697
0.002968
0.037641
0.526022
0.997166
0.970533
0.345791
0.012298
0.003663
0.997664
0.992556
0.123973
0.994720
0.967358
0.001285
0.981938
0.002316
0.988135
0.987708
0.723423
0.008146
0.479424
0.002651
0.055311
0.004404
0.166169
0.003684
0.853434
0.673686
0.003440
0.006168
0.998545
0.027363
0.997383
0.005577
0.225702
0.040062
0.011486
0.001037
0.728254
0.983081
0.936738
0.109731
0.751074
0.838477
0.010298
0.022032
0.003825
0.999265
0.011023
0.998108
0.411833
0.009828
0.995698
0.995367
0.001662
0.997280
0.997662
0.147588
0.006108
0.004695
0.546212
0.056876
0.006492
0.003246
0.072712
0.989654
0.852727
0.023370
0.368652
0.003514
0.997181
0.942431
0.996572
0.609828
0.903699
0.001101
0.050170
0.249625
0.369347
0.002075
0.956399
0.054871
0.995393
0.998383
0.089043
0.210485
0.999608
0.047346
0.005932
0.300291
0.998432
0.998526
0.998127
0.030326
0.000244
0.002603
0.998045
0.617979
0.000327
0.931498
0.016595
0.018244
0.037945
0.064864
0.000963
0.989447
0.075987
0.998233
0.070260
0.136332
0.128484
0.986084
0.995541
0.994963
0.829614
0.997317
0.999268
0.059703
0.010196
0.960516
0.996276
0.999462
0.978147
0.994338
0.041353
0.006553
0.007079
0.902460
0.044990
0.686984
0.029210
0.170570
0.994206
0.522082
0.995185
0.996564
0.207822
0.002918
0.991545
0.385151
0.954620
0.966161
0.996784
0.067070
0.000186
0.406748
0.998194
0.005893
0.898564
0.105073
0.001797
0.231482
0.002587
0.022063
0.051540
0.957279
0.041028
0.207564
0.040333
0.992397
0.995957
0.329647
0.258176
0.994344
0.998013
0.959253
0.003974
0.938240
0.126060
0.997386
0.064752
0.996364
0.470615
0.003890
0.068830
0.995549
0.054438
0.997493
0.002533
0.999580
0.842113
0.933056
0.580785
0.361124
0.002761
0.216193
0.560238
0.001408
0.998748
0.997911
0.392153
0.999019
0.905442
0.972755
0.086284
0.984757
0.881948
0.812913
0.007193
0.909537
0.003790
0.998609
0.946653
0.010244
0.995671
0.030828
0.993340
0.040070
0.316574
0.912048
0.992943
0.629855
0.000734
0.018372
0.023378
0.089398
0.990845
0.991715
0.989035
0.006173
0.005077
0.961582
0.318774
0.998726
0.006790
0.003380
0.972827
0.543926
0.891681
0.068815
0.987678
0.995165
0.869606
0.629508
0.919923
0.035421
0.973602
0.997005
0.900105
0.017716
0.333203
0.363966
0.988466
0.005738
0.950003
0.994158
0.127647
0.978706
0.007480
0.060761
0.999113
0.982958
0.062684
0.805764
0.990466
0.998879
0.000453
0.991360
0.004978
0.003710
0.867664
0.997124
0.998687
0.584114
0.020937
0.052400
0.043279
0.003179
0.986413
0.138768
0.989707
0.032097
0.001810
0.310860
0.994993
0.999699
0.535445
0.343079
0.008203
0.843064
0.997823
0.057037
0.031532
0.000744
0.404854
0.996243
0.000892
0.997506
0.998335
0.011145
0.002891
0.007406
0.097308
0.999681
0.997939
0.056427
0.104639
0.996188
0.996204
0.103480
0.734937
0.999728
0.036984
0.999109
0.007152
0.001421
0.016487
0.992981
0.003230
0.032319
0.029181
0.474295
0.999507
0.996247
0.189917
0.014603
0.035245
0.009142
0.020514
0.998273
0.978416
0.052035
0.854802
0.011007
0.003436
0.998005
0.001441
0.972679
0.921510
0.019651
0.005129
0.004317
0.000955
0.999345
0.001746
0.075595
0.934246
0.071814
0.994903
0.994346
0.138135
0.381578
0.002874
0.708085
0.999264
0.003790
0.998294
0.998989
0.501801
0.998142
0.047128
0.996526
0.235957
0.000672
0.047999
0.898552
0.937437
0.004868
0.993026
0.000641
0.005408
0.065835
0.972622
0.001887
0.142350
0.989124
0.032789
0.935817
0.840766
0.995934
0.997632
0.624553
0.285277
0.994179
0.001875
0.485257
0.341334
0.412741
0.010569
0.988229
0.047829
0.005118
0.996535
0.375827
0.989768
0.221199
0.021719
0.998629
0.019594
0.003776
0.021131
0.995789
0.993465
0.995379
0.869194
0.321599
0.007017
0.000558
0.001953
0.993797
0.012136
0.220735
0.999266
0.991696
0.986235
0.057209
0.398541
0.996437
0.843484
0.998820
0.998736
0.004805
0.012593
0.998856
0.000751
0.989851
0.003048
0.003045
0.007140
0.928651
0.003169
0.006717
0.004383
0.006823
0.004418
0.121612
0.999174
0.991162
0.978597
0.078440
0.001581
0.269396
0.195001
0.002092
0.996731
0.935523
0.995465
0.035429
0.995714
0.274844
0.989272
0.033631
0.999536
0.997738
0.910790
0.248895
0.018982
0.004833
0.041197
0.959080
0.067876
0.250351
0.000547
0.992874
0.994989
0.995807
0.992612
0.107819
0.056568
0.938183
0.026230
0.992806
0.001181
0.059037
0.641795
0.953080
0.993834
0.002101
0.994290
0.408575
0.871429
0.002657
0.987420
0.008594
0.002089
0.390194
0.000524
0.998615
0.147666
0.320866
0.073642
0.824811
0.991822
0.945956
0.956762
0.016345
0.992484
0.098641
0.742637
0.080920
0.001635
0.008363
0.152727
0.993784
0.004769
0.998117
0.998446
0.786088
0.086055
0.991452
0.098474
0.008455
0.998053
0.937480
0.993207
0.867822
0.998451
0.960460
0.259647
0.905533
0.001084
0.005729
0.204241
0.992164
0.048458
0.055967
0.010848
0.998549
0.999283
0.030738
0.169810
0.993369
0.061868
0.993270
0.997075
0.000966
0.000352
0.019889
0.275542
0.993046
0.089556
0.989738
0.009750
0.047630
0.339321
0.993957
0.001218
0.992110
0.116527
0.993930
0.002936
0.967333
0.980666
0.998371
0.001608
0.995310
0.036869
0.996808
0.998926
0.978835
0.921862
0.916221
0.414136
0.998969
0.004120
0.997475
0.010027
0.997233
0.879869
0.003861
0.827781
0.980885
0.004904
0.002140
0.007626
0.016686
0.185253
0.026559
0.997816
0.992572
0.037187
0.004479
0.998385
0.004935
0.992426
0.963639
0.940002
0.999628
0.996732
0.993745
0.996947
0.906088
0.999350
0.807748
0.002862
0.632386
0.999199
0.993325
0.168316
0.004178
0.489028
0.009712
0.083924
0.073512
0.004821
0.750223
0.154934
0.022721
0.977444
0.002808
0.004357
0.091083
0.199488
0.005969
0.060114
0.999218
0.189035
0.002065
0.995777
0.997788
0.945654
0.010069
0.998106
0.999088
0.014738
0.349818
0.004589
0.921252
0.371797
0.020817
0.051739
0.001117
0.996640
0.455877
0.001502
0.081512
0.988252
0.998548
0.668154
0.002675
0.999722
0.499491
0.783537
0.979993
0.018251
0.077061
0.450995
0.041572
0.981524
0.026252
0.002802
0.971135
0.986003
0.787941
0.001607
0.553015
0.007396
0.020815
0.025039
0.572442
0.179976
0.996828
0.986614
0.017274
0.899879
0.016951
0.004473
0.999476
0.994721
0.976697
0.999013
0.996931
0.029354
0.581594
0.003879
0.019597
0.000969
0.998675
0.987704
0.001775
0.023136
0.997338
0.862367
0.743519
0.989444
0.890593
0.051014
0.950822
0.972319
0.977933
0.000583
0.007952
0.427786
0.997594
0.199030
0.999573
0.968961
0.535359
0.997658
0.915129
0.137615
0.997044
0.020837
0.012460
0.993596
0.998946
0.943767
0.998794
0.918551
0.016797
0.988577
0.057415
0.660849
0.986638
0.010964
0.841348
0.999538
0.963507
0.191855
0.005823
0.747416
0.650024
0.187317
0.132732
0.001631
0.259522
0.999035
0.112598
0.010136
0.987410
0.955631
0.096767
0.893546
0.999718
0.020623
0.073385
0.984007
0.999004
0.006525
0.986846
0.182962
0.015866
0.998929
0.008586
0.005296
0.138738
0.795597
0.996193
0.938322
0.080995
0.703318
0.998119
0.999379
0.995463
0.000593
0.981142
0.027929
0.051298
0.996171
0.127813
0.538316
0.098178
0.595020
0.996783
0.041421
0.741249
0.995073
0.982094
0.994329
0.008522
0.992243
0.997251
0.021658
0.176751
0.969296
0.001920
0.010978
0.575248
0.002943
0.998075
0.871494
0.996856
0.997763
0.002718
0.993257
0.998987
0.354995
0.311622
0.134407
0.868360
0.998157
0.011904
0.936681
0.004389
0.998860
0.999515
0.003395
0.047443
0.014959
0.002793
0.846764
0.666199
0.996898
0.001894
0.775530
0.018872
0.079026
0.948044
0.734180
0.016812
0.974406
0.014524
0.156900
0.990661
0.015696
0.911761
0.004841
0.006088
0.044280
0.153653
0.286823
0.010004
0.946007
0.224635
0.779675
0.701308
0.015603
0.976278
0.163759
0.996884
0.084729
0.411884
0.015628
0.028428
0.003323
0.989217
0.625216
0.017873
0.015940
0.113506
0.000404
0.993061
0.986841
0.070622
0.008720
0.005180
0.999010
0.977751
0.077296
0.991866
0.969791
0.010625
0.995260
0.029993
0.993698
0.251750
0.997524
0.086998
0.540320
0.003413
0.985411
0.031899
0.009926
0.064521
0.002508
0.004399
0.105850
0.182005
0.017255
0.408215
0.998120
0.005987
0.819276
0.898763
0.989751
0.996295
0.995189
0.997547
0.087418
0.986660
0.996056
0.927499
0.997034
0.988322
0.997064
0.003817
0.900722
0.993827
0.246084
0.010171
0.000439
0.008651
0.910211
0.112383
0.993847
0.003636
0.026335
0.992175
0.975147
0.014575
0.005221
0.988621
0.113242
0.950664
0.999579
0.002349
0.296831
0.919191
0.989959
0.003712
0.287003
0.000200
0.994743
0.995517
0.010427
0.002192
0.950671
0.805798
0.017319
0.010474
0.016860
0.001223
0.005742
0.999637
0.913616
0.203529
0.000598
0.000500
0.126618
0.001226
0.032327
0.021689
0.002083
0.963978
0.052423
0.752793
0.958130
0.545297
0.156379
0.973769
0.006991
0.174446
0.997873
0.974901
0.078577
0.992928
0.993193
0.016929
0.013793
0.005193
0.996914
0.004825
0.033569
0.049292
0.926229
0.985018
0.248676
0.026389
0.996528
0.982785
0.016714
0.348491
0.009302
0.445229
0.972492
0.998442
0.086794
0.011774
0.998777
0.887673
0.996891
0.956167
0.144127
0.024009
0.998856
0.001437
0.006425
0.997930
0.870277
0.636933
0.998802
0.002284
0.070915
0.990923
0.723913
0.008788
0.011067
0.004651
0.997477
0.987268
0.000857
0.861428
0.998733
0.820102
0.014041
0.001155
0.998987
0.706948
0.932288
0.898208
0.020432
0.017227
0.013145
0.989174
0.003493
0.018019
0.118784
0.020165
0.997378
0.326067
0.995274
0.930596
0.001722
0.143231
0.029751
0.991774
0.108599
0.786954
0.998474
0.949962
0.971324
0.626419
0.007662
0.654177
0.147157
0.025769
0.028297
0.001769
0.081577
0.004728
0.887813
0.004367
0.997780
0.997069
0.997140
0.996100
0.995775
0.010720
0.029001
0.399972
0.073491
0.006437
0.993563
0.004731
0.394015
0.983789
0.050230
0.993403
0.043007
0.981445
0.020810
0.996228
0.324103
0.038128
0.929497
0.987063
0.092641
0.953560
0.961555
0.983574
0.999771
0.011128
0.003544
0.007550
0.130108
0.000886
0.091506
0.017627
0.776058
0.996798
0.001431
0.997922
0.019189
0.287850
0.902037
0.405302
0.010512
0.998958
0.943162
0.943655
0.997966
0.004183
0.004280
0.050078
0.995961
0.027841
0.988016
0.011247
0.012835
0.997769
0.994457
0.791481
0.999116
0.016730
0.004781
0.043064
0.003431
0.015877
0.991829
0.999245
0.916136
0.000358
0.992449
0.005009
0.133513
0.991300
0.998547
0.002179
0.976050
0.001881
0.973428
0.999673
0.000412
0.017719
0.785016
0.996626
0.014533
0.018298
0.160710
0.049561
0.100851
0.993046
0.361064
0.017225
0.347027
0.839317
0.997390
0.001058
0.006063
0.996256
0.119856
0.846252
0.080403
0.309036
0.212536
0.991069
0.083931
0.997591
0.044928
0.110128
0.000356
0.942866
0.853467
0.977507
0.000964
0.997433
0.001233
0.003423
0.011345
0.993148
0.994914
0.004804
0.175536
0.998814
0.998104
0.646213
0.011965
0.998758
0.979906
0.349366
0.411235
0.109668
0.001004
0.005994
0.001422
0.277826
0.001162
0.937435
0.089638
0.985850
0.937364
0.995014
0.999075
0.794607
0.051864
0.971784
0.006339
0.013034
0.970978
0.041742
0.360690
0.002235
0.055830
0.828071
0.995569
0.012316
0.996075
0.991767
0.096071
0.374448
0.303949
0.001309
0.996577
0.998965
0.998339
0.298167
0.997788
0.214450
0.027973
0.952821
0.988169
0.003995
0.976098
0.040931
0.003114
0.148166
0.008757
0.989479
0.493764
0.936424
0.003327
0.997244
0.004087
0.016078
0.973401
0.000955
0.995023
0.001004
0.997459
0.973291
0.005053
0.999151
0.936056
0.988541
0.008047
0.009414
0.048338
0.008564
0.874095
0.247093
0.697503
0.998824
0.499111
0.997088
0.005491
0.196879
0.069055
0.003250
0.097326
0.458618
0.711183
0.175476
0.997060
0.112549
0.040915
0.004971
0.949834
0.302998
0.999193
0.995459
0.214055
0.197859
0.995847
0.000285
0.995858
0.930922
0.006654
0.014752
0.999393
0.722639
0.998718
0.011741
0.995013
0.061611
0.479548
0.611427
0.001768
0.987685
0.286257
0.827101
0.035784
0.999351
0.997985
0.002716
0.895762
0.360543
0.006269
0.002477
0.563752
0.995249
0.338101
0.009684
0.002100
0.994615
0.084275
0.005915
0.106687
0.994394
0.004856
0.969913
0.137087
0.998980
0.881854
0.960845
0.974550
0.450041
0.012854
0.001631
0.015293
0.009861
0.002783
0.046369
0.836786
0.011949
0.080067
0.819517
0.717896
0.003941
0.456278
0.814356
0.086635
0.988866
0.018450
0.006024
0.995121
0.998855
0.387756
0.014655
0.047689
0.935427
0.283928
0.004300
0.996699
0.995737
0.151449
0.020457
0.042795
0.027891
0.102942
0.002476
0.998387
0.022897
0.072411
0.230039
0.183634
0.992239
0.004622
0.998650
0.316335
0.990538
0.997965
0.010918
0.191180
0.000696
0.971193
0.307342
0.143769
0.167310
0.006700
0.252769
0.000346
0.796151
0.990480
0.003080
0.831152
0.012322
0.088582
0.024324
0.996903
0.822817
0.032888
0.000973
0.599697
0.999430
0.121828
0.957195
0.327701
0.089975
0.036811
0.968881
0.013119
0.996170
0.472844
0.997914
0.011118
0.996760
0.039604
0.341729
0.996825
0.185041
0.000336
0.075230
0.993013
0.986631
0.994642
0.995291
0.996810
0.569432
0.471448
0.995701
0.913152
0.037848
0.902604
0.997787
0.689967
0.003104
0.029516
0.004869
0.133754
0.997229
0.732041
0.999111
0.014710
0.961866
0.564770
0.839894
0.999297
0.004105
0.997076
0.994591
0.997148
0.989874
0.022326
0.996713
0.994227
0.043043
0.995990
0.064655
0.813361
0.999537
0.006470
0.009910
0.994856
0.980163
0.997018
0.847086
0.992875
0.005901
0.000240
0.989645
0.995398
0.010713
0.656941
0.999650
0.069718
0.001815
0.008758
0.997797
0.085610
0.992046
0.010148
0.003422
0.667718
0.998969
0.997766
0.001535
0.008887
0.990867
0.162279
0.210782
0.062619
0.988220
0.022274
0.995144
0.996228
0.997333
0.997512
0.997776
0.100384
0.975383
0.991413
0.977176
0.505197
0.105773
0.988391
0.003053
0.025855
0.011850
0.982303
0.402395
0.983586
0.020370
0.614863
0.000934
0.001660
0.197787
0.101551
0.335189
0.992466
0.975881
0.091755
0.996526
0.102612
0.000428
0.271606
0.003223
0.893211
0.714818
0.999377
0.576967
0.019587
0.130405
0.999654
0.992315
0.003980
0.505708
0.041516
0.979192
0.998883
0.998905
0.992032
0.994646
0.272283
0.975543
0.000143
0.004554
0.992053
0.088375
0.815235
0.998965
0.164282
0.987924
0.013066
0.002079
0.990204
0.998787
0.977300
0.023608
0.078828
0.996383
0.046442
0.996336
0.931673
0.968605
0.142673
0.012913
0.055210
0.999330
0.164630
0.946652
0.903606
0.984664
0.991589
0.004466
0.999580
0.097727
0.914585
0.877132
0.230286
0.999381
0.353476
0.999476
0.024493
0.003932
0.983904
0.062485
0.991950
0.560632
0.004646
0.006127
0.998936
0.993991
0.866972
0.075574
0.942509
0.994508
0.227841
0.997760
0.998767
0.996216
0.007077
0.192819
0.999780
0.991683
0.112716
0.999228
0.978153
0.885062
0.001170
0.523032
0.998747
0.008238
0.251035
0.463700
0.943866
0.651741
0.998043
0.300484
0.992229
0.997775
0.976716
0.835375
0.229568
0.464699
0.006760
0.989976
0.033007
0.008401
0.674481
0.998252
0.068118
0.867936
0.988233
0.001146
0.607451
0.003520
0.999635
0.197760
0.998501
0.996522
0.003646
0.994101
0.996751
0.004707
0.997268
0.645024
0.012471
0.002598
0.012700
0.976464
0.143471
0.993565
0.386109
0.324641
0.987493
0.005883
0.993600
0.996398
0.032065
0.889315
0.007049
0.952573
0.810656
0.029846
0.997593
0.002758
0.999033
0.310800
0.493543
0.998280
0.998281
0.975137
0.968556
0.895932
0.993418
0.091065
0.002223
0.907456
0.996621
0.004162
0.999745
0.857646
0.000655
0.994676
0.852704
0.000991
0.998917
0.990590
0.262789
0.521290
0.454815
0.001753
0.008488
0.463162
0.997950
0.948049
0.003284
0.017214
0.143247
0.014998
0.001839
0.423926
0.765328
0.112637
0.180156
0.911396
0.999102
0.049277
0.979735
0.006318
0.183510
0.065726
0.021748
0.000894
0.999639
0.976082
0.132625
0.210354
0.998850
0.377674
0.998998
0.020006
0.031412
0.997912
0.059629
0.199759
0.005883
0.997059
0.995479
0.999436
0.995182
0.000447
0.924580
0.406485
0.009794
0.012047
0.995935
0.463289
0.153738
0.053856
0.001092
0.000398
0.025610
0.731746
0.021511
0.761758
0.999752
0.996316
0.987304
0.994952
0.996351
0.987950
0.078142
0.005989
0.632713
0.085102
0.937400
0.000367
0.011643
0.968923
0.026521
0.908322
0.816173
0.992207
0.994218
0.001075
0.993495
0.000569
0.003217
0.041626
0.001122
0.037621
0.005721
0.913751
0.519395
0.016661
0.189831
0.099613
0.976512
0.924212
0.001159
0.195826
0.000942
0.999488
0.001807
0.998039
0.002924
0.996886
0.007183
0.016624
0.996100
0.993052
0.990929
0.033353
0.114657
0.865847
0.994117
0.894107
0.002164
0.762325
0.003544
0.344893
0.674548
0.965935
0.894789
0.993576
0.966334
0.002868
0.999020
0.003530
0.958691
0.027172
0.993399
0.001201
0.984872
0.220185
0.999692
0.017166
0.996244
0.099657
0.984657
0.505679
0.029460
0.999097
0.782837
0.009313
0.994804
0.975215
0.023199
0.012591
0.179128
0.996629
0.004526
0.000190
0.996535
0.330330
0.999563
0.028503
0.006976
0.130839
0.041096
0.190626
0.992333
0.209913
0.004423
0.994892
0.993920
0.001882
0.008359
0.003597
0.438061
0.920897
0.995717
0.997980
0.980017
0.991015
0.002189
0.902459
0.991368
0.063559
0.468092
0.025578
0.994177
0.989618
0.078406
0.001331
0.998123
0.005773
0.997748
0.998815
0.012353
0.997420
0.032804
0.049588
0.995413
0.173334
0.810486
0.993028
0.996018
0.627472
0.993713
0.073954
0.999341
0.990215
0.292699
0.007734
0.965043
0.012417
0.431176
0.990301
0.009300
0.082443
0.143442
0.153453
0.013606
0.974123
0.004731
0.746941
0.019461
0.002360
0.101507
0.002424
0.003410
0.011452
0.998727
0.996908
0.311343
0.030220
0.997572
0.194569
0.038005
0.011263
0.079723
0.004830
0.996883
0.017644
0.986322
0.324397
0.996537
0.998257
0.926044
0.881752
0.771214
0.000904
0.998359
0.971776
0.102890
0.001917
0.009143
0.006951
0.993318
0.998539
0.999531
0.007047
