0.053613
1.000000
0.004995
0.999998
0.012305
0.008261
0.999889
0.030956
0.000000
0.990821
1.000000
0.981185
0.829304
0.999670
0.025451
0.973175
0.419734
0.989849
0.005139
0.997218
0.997486
0.997143
0.959472
0.002971
0.012777
0.255146
0.992839
0.999998
0.998346
0.964906
0.006859
0.711519
0.999440
0.103414
0.021816
0.999675
0.999998
0.999708
0.026994
0.001512
0.930562
0.023617
0.023543
0.893437
0.084823
0.012762
0.936684
0.031522
0.861192
0.931723
0.849942
0.008497
0.053471
0.010886
0.999618
0.000373
0.016043
0.259487
0.006321
0.986125
0.068504
0.798884
0.038398
0.958733
0.022725
0.190504
0.259734
0.999514
0.998691
0.999590
0.007353
0.986431
0.032373
0.009154
0.039393
0.977954
0.007482
0.994799
1.000000
0.004535
1.000000
0.999998
0.029945
0.014394
0.135887
0.994723
0.999993
0.038506
0.002979
0.115105
0.099404
0.056697
0.226788
0.240970
0.020774
0.184324
0.006099
0.953620
0.884514
0.000000
0.025079
0.144623
1.000000
0.980263
0.950741
0.000978
0.013130
0.999082
0.202279
0.029604
0.005795
0.814577
1.000000
0.019318
0.996801
0.003108
0.001198
0.001069
0.515641
0.805733
0.021235
0.339613
0.999983
0.984798
0.007945
0.965126
0.000543
0.354290
0.925856
0.000322
0.014879
0.218086
0.014048
0.601546
0.730442
0.156619
0.996128
0.325739
0.270675
0.137471
0.828121
0.947792
0.974588
0.938456
0.999793
0.050361
0.305869
0.927116
0.512066
0.997013
0.978280
0.086291
0.501422
0.999636
0.126622
0.033018
0.128996
0.042151
0.999999
0.797387
0.301515
0.999552
0.064277
0.400743
0.999922
0.317511
1.000000
0.011830
0.018323
0.011781
0.850947
0.998892
0.251205
0.062698
0.418187
0.975322
0.039159
0.699220
0.022979
0.984431
0.554904
0.976911
1.000000
0.013556
0.031922
0.038376
0.937205
0.248279
0.954597
0.176343
0.999997
0.999337
0.991146
0.829137
0.001953
0.012912
0.989600
0.035363
0.499549
0.006575
1.000000
0.258002
0.948922
0.060817
0.987112
0.960072
0.150780
0.648493
0.741723
0.004256
0.902661
0.509777
0.103517
0.596178
0.034900
0.101675
0.735198
0.449578
0.934617
0.008305
0.999992
0.594856
0.912472
0.893400
0.954831
0.988402
0.056605
0.130746
0.960115
0.044501
0.999989
0.971301
0.000161
0.013826
0.872082
0.026985
0.006134
0.176657
0.956530
0.255419
0.959290
0.141545
0.229123
0.999197
0.145396
0.915960
0.002131
0.009645
0.222006
0.986756
0.000007
0.938501
0.039068
0.612398
0.998977
0.784522
0.036209
0.998847
0.001471
0.999111
0.992015
0.001807
0.006584
0.247733
0.959251
0.999999
0.001049
0.997580
0.896261
0.932227
0.006289
0.966319
0.022288
0.237652
0.004146
0.004912
0.992537
0.030832
0.999849
0.999994
0.190742
0.026046
0.006494
0.996873
0.041457
0.738958
0.007099
0.013172
0.833801
0.968021
0.987439
0.962630
0.406882
0.999998
0.816305
0.008746
0.932075
0.735453
0.001965
0.930858
0.980913
0.996622
0.000036
0.965254
0.999963
0.113257
0.822854
0.726040
0.936894
0.977358
0.348273
0.176704
0.348352
0.785281
0.045804
0.013905
0.071071
0.351698
0.997777
0.002230
0.977273
0.008592
0.028570
0.053194
0.000029
0.315853
0.016527
0.999993
0.491099
0.734012
0.060701
0.024904
0.006719
0.006497
0.010174
0.532791
1.000000
0.000755
0.996710
0.006698
0.860931
0.140451
0.039894
0.999988
0.000241
0.088852
0.021365
0.028601
0.897394
0.955001
0.999008
0.005388
0.999803
0.000000
0.022798
0.999366
0.001843
0.047269
0.165871
0.317370
0.033719
0.001291
1.000000
0.030713
0.959161
0.999999
0.001044
0.007025
0.003503
0.066511
0.987583
0.359892
0.310439
0.440262
0.631333
0.024072
0.900607
0.990266
0.928946
0.596243
0.086790
0.638119
0.060226
0.994330
0.014857
0.728715
0.998994
0.999166
0.160837
0.257102
0.107604
0.540272
0.064153
0.000002
0.330209
0.024378
0.046853
0.008641
0.008034
0.040538
0.542186
0.009922
0.144981
0.800881
0.000277
0.004431
0.008713
0.008245
0.783616
0.999989
0.913879
0.237345
0.008492
0.226749
0.993118
0.143554
0.000324
0.922816
0.041407
0.000029
0.019676
0.857001
0.006623
0.027395
0.993644
0.997136
0.991002
0.936860
0.060599
0.999994
0.307478
0.003572
0.013685
0.843127
0.070025
0.995541
0.002606
0.999933
0.924770
0.999999
0.000006
0.971534
0.999934
0.999944
0.003551
0.999532
0.060874
0.905912
0.039701
0.955380
0.996323
0.723157
0.122357
0.032094
0.526192
0.757414
0.954293
0.000407
0.820688
0.015199
1.000000
0.047656
0.065534
0.467295
0.997640
0.008457
0.006465
0.950966
0.999999
1.000000
0.936146
0.998391
0.075961
0.999914
0.898939
0.976819
0.309297
0.004198
0.007456
0.017670
0.992174
0.993707
0.999924
0.012378
0.986488
0.922824
0.270848
1.000000
0.041788
0.047081
0.014477
0.711233
0.005619
0.049491
0.990970
0.010464
0.972849
0.101388
1.000000
0.990850
0.996615
0.989624
0.625864
0.001058
0.037544
0.999998
0.010872
0.000233
0.013555
0.999905
0.965530
0.006854
0.990635
0.005460
0.002539
0.990546
0.002873
0.009027
0.005039
0.000000
0.995798
1.000000
0.999056
0.002943
0.073654
0.953824
0.995845
0.988375
0.046888
0.999999
0.960064
0.000283
0.002396
0.999947
0.677096
0.137260
0.961534
1.000000
0.099136
1.000000
0.038633
0.999302
0.999983
0.037259
0.864231
0.006771
0.967845
0.999886
0.000606
0.004099
0.952075
0.857264
0.993974
0.989184
0.041610
0.009519
0.081474
0.999347
0.120296
0.999925
0.897254
0.998135
0.024466
0.381983
0.998094
0.999956
0.008218
0.010015
0.990560
0.504461
0.998790
0.000001
0.992453
0.999790
0.057674
0.998411
0.148332
0.886540
0.319355
0.010509
0.443794
0.005871
0.986119
0.891549
0.997300
0.004158
0.299015
0.906258
0.912717
0.163220
0.001159
0.999955
0.014383
0.006138
0.026150
0.000844
0.884628
0.001490
0.617160
0.000542
0.099304
0.979441
0.936834
0.970843
0.996991
0.000349
0.984659
0.673947
0.999656
0.006220
0.004396
0.978568
0.023353
0.000000
0.081441
0.816400
0.996237
0.994063
0.818866
0.006453
0.994766
0.145970
0.153097
0.574678
0.999671
0.000000
0.718043
0.304359
0.802468
0.005767
0.048107
0.999918
0.900031
0.202705
0.103886
0.503040
0.091624
0.160202
0.999979
0.867095
0.001047
0.986257
0.986954
0.854430
0.594607
0.988562
0.873167
0.080126
0.013645
0.003565
0.420870
0.007261
0.003204
0.999958
0.860507
1.000000
0.106765
0.014802
0.828325
0.006472
0.249953
0.872514
0.226498
0.841460
0.029355
0.970402
0.029590
0.973846
0.934517
0.998406
0.943670
0.007737
0.975417
0.059324
0.412660
0.998758
0.000690
0.969398
0.983703
0.996661
0.993631
0.261439
0.993507
0.014877
0.489908
0.000444
0.971964
0.014204
0.000119
0.009273
0.004290
0.951515
0.013017
0.977402
0.956166
0.233894
0.097128
0.000965
0.009991
0.064470
0.001092
0.944798
0.004578
0.592539
0.010645
0.315204
0.206520
0.009090
0.999984
0.016635
0.972487
0.058469
0.054651
0.049046
0.070982
0.535274
0.952063
0.005525
0.023117
0.998611
0.950720
0.050386
0.076860
0.368048
0.000094
0.860244
0.999973
0.985089
0.024006
0.512809
0.999475
0.999932
0.644185
0.008677
0.003339
0.025151
0.297558
0.066725
0.999304
0.000000
0.910700
0.992570
0.995913
0.985425
0.909338
0.096364
0.000694
0.087457
0.073507
0.999567
0.199796
0.000069
0.037828
0.050263
0.968614
0.001565
0.001836
0.999294
0.838944
0.000010
0.001577
0.992994
0.012502
0.156190
0.004912
0.988355
0.850553
0.000786
0.998841
0.006704
0.322466
0.080490
0.924572
0.051656
0.999940
0.000255
0.117932
0.002786
0.013287
0.999131
0.110349
0.937975
0.941243
0.863896
0.921246
0.006085
0.016629
0.996978
0.999687
0.035973
0.999768
0.999353
0.066028
0.322621
0.999543
0.999963
0.562018
0.977585
0.017629
0.904728
0.989812
0.981803
0.000597
0.960899
0.202308
0.876641
0.052270
0.985732
0.994972
0.009501
0.978591
0.036566
0.009796
0.999118
0.002751
0.038569
0.050662
0.982472
0.999905
0.264811
0.106147
1.000000
0.953183
0.953259
0.000429
0.633280
0.000000
0.229236
0.000254
0.013832
0.985482
0.810968
0.815288
0.070367
0.010591
0.966465
0.019170
0.876354
0.662607
0.000696
0.015057
0.984015
0.008051
0.010134
0.836954
1.000000
0.016392
0.960965
0.702961
0.983405
0.177296
0.964231
0.026025
0.727210
0.974343
0.995303
0.001272
0.937295
0.760104
0.589094
0.007246
0.009473
0.261233
0.008331
0.061001
0.001513
0.039737
0.984962
0.084332
0.070223
0.968286
0.001753
0.997504
0.997790
0.066162
0.998892
0.758883
0.109831
0.997856
0.998505
0.822824
0.031944
0.523875
0.734596
0.008754
0.819235
0.983410
0.017134
0.973583
0.803072
0.512870
0.002995
0.997187
0.961320
0.002560
0.336674
0.007132
0.012250
0.999998
0.988234
0.039173
0.977048
0.014943
0.668601
0.927826
0.003255
0.997562
0.049569
0.026797
0.999029
0.010632
0.632451
0.990840
0.003421
0.888749
0.811210
0.996224
0.869601
0.020081
0.696149
0.814214
0.000000
0.425494
0.001564
0.256943
0.003953
0.997222
0.359665
0.010248
0.014091
0.600253
0.000938
0.660238
0.053893
0.996787
0.824071
0.007574
0.995938
0.029916
0.000022
0.962663
0.997824
0.145812
0.079495
0.782342
0.973642
0.320912
0.014634
1.000000
0.018467
0.902293
0.861627
0.000001
0.865475
0.127807
0.090846
0.196698
0.000784
0.144308
0.794931
0.981821
0.999995
0.974416
0.985747
0.000564
0.000700
0.999517
0.008648
0.018168
0.000923
0.007296
0.000510
0.876256
0.241105
0.010276
0.010613
0.998865
0.019180
0.011658
0.998239
0.043265
0.400192
0.250913
0.999862
0.017733
0.016256
0.892494
0.006535
0.439226
0.011036
0.016330
0.000194
0.012641
0.988452
0.003242
0.002034
0.961092
0.047764
0.020570
0.999810
0.751060
0.882727
0.989706
0.007144
0.001437
0.028386
0.105408
0.009517
0.000014
0.748382
0.985193
0.082935
0.000188
0.325915
0.010567
0.008396
0.059735
0.947729
0.886508
0.999783
0.853706
0.004335
0.663710
0.527296
0.950306
0.029030
0.929000
0.099695
0.022685
0.035759
0.758955
0.005756
0.597112
0.999981
0.961203
0.005275
0.987204
0.999942
0.998836
0.483875
0.395992
0.971228
0.999476
0.999760
0.004620
0.754522
0.993559
0.026014
0.059620
0.856535
0.995126
0.990459
0.999806
0.070259
0.062337
0.962453
0.019618
0.912792
0.008278
0.041271
0.020531
0.999405
0.994955
0.704110
0.999542
0.999033
1.000000
0.999999
0.998376
0.002609
0.801844
0.999182
0.017903
0.023923
0.146673
1.000000
0.990069
0.649706
0.939861
0.040031
0.028381
0.983932
0.974745
0.187762
0.051012
0.999956
0.999486
0.965220
0.296745
0.994262
0.065792
0.898648
0.020356
0.013503
0.000394
0.320400
0.022233
0.009964
0.868576
0.999977
0.039254
0.033047
0.002266
0.953057
0.171649
0.002808
0.129837
0.006877
0.999967
0.996790
0.999812
0.978022
0.148700
0.048155
0.273663
0.008514
0.031656
0.000200
0.995821
0.945128
0.012306
0.225088
0.006494
0.873569
0.040726
0.820820
0.999975
1.000000
0.006234
0.000002
0.210130
0.003570
0.009618
0.997461
0.234734
0.007383
0.991395
0.995415
0.989272
0.941536
0.007881
0.999982
0.006203
0.675223
0.966664
0.010625
0.926001
0.752678
0.882599
0.151356
0.985906
0.001878
0.967099
0.738719
0.104136
0.077335
0.853014
0.996835
0.996619
0.000013
0.999993
1.000000
0.016416
0.671396
0.000005
0.042254
0.134789
0.942927
0.549308
0.331583
0.506831
0.201064
0.810945
0.154273
0.023709
0.059743
0.999794
0.674435
0.290082
0.969032
0.968297
0.981070
0.996934
0.939051
0.322759
0.095075
0.201280
0.582099
0.014270
0.200504
0.003670
0.175882
0.683182
0.023598
0.943126
0.865017
0.186983
0.929972
0.111898
0.033575
0.074304
0.999439
0.024987
0.044154
0.955904
0.776509
0.018708
0.564118
0.205632
0.220003
0.024540
0.549425
0.099062
0.998572
0.200567
1.000000
0.007715
0.035916
0.003458
0.961990
0.005943
0.767099
0.003294
0.112070
0.999654
0.999884
0.999983
0.994775
0.014317
0.027362
0.019211
0.033809
0.994784
0.999393
0.972850
0.965084
0.033395
0.951759
0.011340
0.035217
0.001432
0.007238
0.999717
0.999055
0.953202
0.995770
0.059194
0.961777
0.002429
0.960282
0.135106
0.999999
0.958955
0.039120
0.028119
0.827380
1.000000
0.063461
0.709731
0.025116
0.334409
0.016435
1.000000
0.130135
0.998857
0.118805
0.074755
0.269757
0.114480
0.697336
0.009911
0.999492
0.017522
0.059000
0.733028
0.677119
0.999816
0.998230
0.009642
0.488798
0.910233
0.002815
0.999948
0.999330
0.002086
0.953402
0.548544
0.004736
0.016318
0.996312
0.018944
0.946029
0.092794
0.734631
0.354756
0.997413
0.459682
0.961459
0.968544
0.958947
0.996840
0.016596
0.001193
0.998569
0.663909
0.520026
0.999996
0.939811
0.999851
0.994615
0.019572
1.000000
0.000020
0.016657
0.885634
0.967061
0.660669
0.390413
0.258300
0.004501
0.003113
0.950349
0.966126
0.042864
0.999931
0.992940
0.698677
0.319183
0.000112
0.034645
0.981331
0.010065
0.996770
0.996286
0.003103
0.125562
0.996327
0.148236
0.166446
0.836798
0.934633
0.992262
0.002281
0.032074
0.019459
0.104883
0.961808
0.747930
0.992763
0.000218
0.009448
0.231735
0.999999
0.174087
0.010971
0.973791
0.000125
0.029243
0.997698
0.999962
0.997421
0.993647
0.016364
0.978895
0.999923
0.908214
0.001452
0.254372
0.999989
0.002653
0.994733
0.997224
0.985314
0.698166
0.002550
0.999992
0.000337
0.707304
0.006052
0.103986
0.996706
0.004475
0.001677
0.000215
0.990284
0.998435
0.201296
0.024178
1.000000
0.949066
0.982158
0.041763
0.003248
0.063783
0.915537
0.999884
0.007133
0.000141
0.993201
0.999166
0.003876
1.000000
0.999283
0.978777
0.999997
0.000372
0.942218
0.029184
0.022645
0.103166
0.183623
0.017744
0.025144
0.011796
0.992179
0.952945
0.048757
0.006625
0.701260
0.731419
0.003196
0.061142
0.316566
0.018484
0.631752
0.017158
0.602466
0.037496
0.002401
0.883643
0.995615
0.779522
0.269150
0.999775
0.999114
0.046255
0.999140
0.010542
0.400786
0.911150
0.043801
0.021511
0.158233
0.681815
0.999734
0.083491
0.016864
0.999204
0.743687
0.999984
0.996016
0.114829
1.000000
1.000000
0.951311
0.999832
0.982750
0.108665
0.018186
0.000252
0.019952
0.368800
0.026793
0.010379
0.983953
0.027144
0.758871
0.030540
0.009415
0.973630
0.169694
0.615000
0.010468
0.015783
0.021977
0.003189
0.086600
0.685483
0.999705
0.000001
0.993665
0.996083
0.472091
0.062062
0.003830
0.964995
0.999999
0.028234
0.033064
0.076828
0.992457
0.004337
0.987234
0.012606
0.071367
0.997792
0.999907
0.095242
0.977465
0.026191
0.026858
0.998392
0.128676
1.000000
0.999851
0.999679
0.988428
0.946498
0.009402
0.000274
0.998113
0.011904
0.026095
0.987291
0.946051
0.988800
0.894048
0.660910
0.051597
0.018304
1.000000
0.549371
0.065780
0.947765
0.010118
0.030978
0.009708
0.143856
0.024252
0.112534
0.966173
0.004182
0.106016
0.985465
0.034463
0.013684
0.043127
0.005470
0.272407
0.999999
0.309392
0.056910
0.610104
0.464000
0.039346
0.942686
0.003407
0.999322
0.095068
0.573362
0.990483
0.924118
0.871741
0.000000
0.002046
0.020838
0.933573
0.001507
0.030995
0.276180
0.010193
0.003937
0.161577
0.870780
0.055457
0.111475
0.009683
0.899895
0.876460
0.999974
0.942355
0.666690
0.997269
0.041597
0.846527
0.028667
0.999995
0.991190
0.013070
0.055083
0.056053
0.916843
0.967288
0.000270
0.984834
0.024783
0.999456
1.000000
0.710240
0.096883
0.542168
0.041242
0.121497
0.012431
0.976080
0.999712
0.013353
0.543311
1.000000
0.122685
0.921843
0.131793
0.999998
1.000000
0.015754
0.008861
0.992166
0.033904
0.000896
0.077229
0.991567
0.052123
0.000779
0.008231
0.011570
0.053450
0.175251
0.405393
0.884379
0.983029
0.995647
0.901510
0.973146
0.902312
0.994604
0.270439
0.038262
1.000000
0.940367
0.000016
0.015036
0.000210
0.995776
0.052432
0.019260
0.888911
0.930081
0.974968
0.992400
0.189990
0.007267
0.126213
1.000000
0.578938
0.999622
0.000611
0.031569
0.084538
0.215583
0.812381
0.494163
1.000000
0.001827
0.039757
0.011115
0.080424
0.006756
0.001527
0.899741
0.958629
0.008586
0.028010
0.217034
1.000000
0.999556
0.041431
0.001794
0.006697
0.000606
0.996918
0.638497
0.165625
0.986372
0.932148
0.088064
0.870259
0.870716
0.004135
0.945978
0.949684
0.149926
0.033762
0.025391
0.920163
0.775259
0.035588
0.032474
0.060133
0.046416
0.006826
0.898850
0.003209
0.028384
0.019999
0.794871
0.026017
0.123845
0.006980
0.998801
0.187199
0.029125
0.000887
0.439104
0.001327
0.989419
0.965095
0.997276
0.989112
0.013245
0.403832
0.015405
0.015342
0.586884
0.973885
0.023038
0.001694
0.095017
0.000013
0.476265
0.999870
0.006733
0.322566
0.002765
0.334150
0.628016
0.998888
0.231551
0.994894
0.978135
0.830060
0.159279
0.000000
0.132854
1.000000
0.998975
1.000000
0.001081
0.175071
0.866140
0.995886
0.021518
0.999998
0.002472
0.961454
0.999709
0.997955
0.001081
0.038543
0.963391
0.876060
0.624169
0.003878
0.049525
0.022131
0.989639
0.030797
0.000011
0.945047
0.004843
0.019046
0.999332
0.011604
0.141738
0.002983
0.844842
0.991118
0.833650
0.002201
0.041518
0.999452
0.898018
0.055295
0.589088
0.099569
0.000414
0.018626
0.013568
0.042502
0.476561
0.994123
0.488860
0.879101
0.008341
0.032429
0.022060
1.000000
0.123265
0.000095
0.074703
0.264353
0.182069
0.952155
0.000408
0.000367
1.000000
0.037350
0.000001
0.987547
0.657259
0.012706
0.058921
0.057542
0.026720
0.345558
0.001767
0.016802
0.923813
0.009701
0.997096
0.040826
0.999999
0.999720
0.255055
0.954191
0.990246
0.273924
0.981478
0.041029
0.431682
0.223101
0.999803
0.000006
0.030635
0.265315
0.030165
0.093062
0.005218
0.016298
0.029365
0.999254
0.019737
0.999919
0.981070
0.999898
0.034970
0.003132
0.990240
0.985419
0.996223
0.901154
0.966598
0.022023
0.041360
0.991620
0.997369
1.000000
0.989818
0.001548
0.074623
0.016907
0.221171
0.830972
0.011943
0.009099
0.017942
0.264013
0.999710
0.157242
0.000137
0.639869
0.681316
0.931398
0.021879
0.811899
0.927026
0.109571
0.004530
0.991245
0.192008
0.999522
0.001514
0.103381
0.175030
0.067930
0.999442
0.011415
0.979537
0.049805
0.015866
1.000000
0.999316
0.964046
0.014456
0.257285
0.018010
0.137588
0.003516
0.999979
0.005558
0.048500
0.996919
0.957315
0.153409
0.011819
0.200955
0.997864
0.997337
0.070241
0.486237
0.997718
0.996300
0.014899
0.431446
0.003259
0.994944
0.000584
0.774055
0.997897
1.000000
0.048879
0.001638
0.521432
0.999345
0.000295
0.030328
0.003060
0.833855
0.991107
0.639069
0.053873
0.042229
0.003505
0.000954
0.035968
0.065778
0.063628
0.114283
0.713645
0.034570
0.261214
0.965741
0.996435
0.779213
0.005882
1.000000
0.008372
0.874842
0.411908
0.995180
0.953260
0.000360
0.874896
0.003340
0.203608
0.000182
0.883949
0.019948
0.958902
0.641203
0.725087
0.951071
0.018338
0.998580
0.565259
0.878653
0.998526
0.999931
0.360099
0.007068
0.994618
0.991030
0.867921
0.000324
0.734819
0.981957
0.047576
0.029537
0.999786
0.965382
0.964910
0.635035
0.999730
0.965232
0.036240
0.009237
0.613602
0.691934
0.058746
0.169684
0.999003
0.463640
0.001250
0.996791
1.000000
0.071102
0.068411
0.214803
0.926502
0.012796
0.034053
0.999813
0.024656
0.997795
0.209042
0.988983
0.998947
0.964421
0.959749
0.000138
0.002469
0.908206
0.919567
0.025787
0.841620
0.019602
0.096285
0.999615
0.945807
0.998033
0.998025
0.001316
0.946294
0.917340
0.960695
0.443315
0.992743
0.008631
0.001115
0.000006
0.036968
0.146405
1.000000
0.073115
0.819805
0.982994
0.552547
0.009461
1.000000
0.053473
0.007277
0.999992
0.989806
0.071527
0.005258
0.226996
0.012972
0.999817
0.015014
0.996101
0.999985
0.747504
0.194667
0.959371
0.982270
0.880107
0.066130
0.986641
0.935840
0.003049
0.957366
0.999488
0.997472
0.044181
0.047244
0.012857
0.933353
0.187869
0.961274
0.999369
1.000000
0.992948
0.003659
0.993157
0.742880
0.946600
0.999859
0.167107
0.083213
0.000037
0.983999
0.995553
0.999998
0.023081
0.487976
0.971041
0.995888
0.000686
1.000000
0.004152
0.998610
0.031443
0.055792
0.693306
0.974210
0.999988
0.984333
0.040772
1.000000
1.000000
0.957301
0.980986
0.993254
0.993638
0.069925
0.904770
0.054915
0.996858
0.059971
0.000515
0.914451
0.007442
0.688273
0.019349
0.044799
0.999887
0.004234
0.003921
0.000916
0.278138
0.045560
0.005344
0.988958
0.859567
0.006785
0.998906
0.992267
1.000000
0.315781
0.087857
0.293096
0.983144
0.503455
0.000070
0.076899
0.045600
0.003321
0.003727
0.999157
0.995852
0.237527
0.020368
0.096548
0.013571
0.976068
0.074874
0.000174
0.211770
0.036696
0.038655
0.013081
0.961784
0.998078
0.158941
0.737133
0.950543
0.407076
0.096491
0.997293
0.013806
0.995865
0.000128
0.000086
0.842701
0.193249
0.999682
0.997930
0.999997
0.048047
0.012002
0.999450
0.996946
0.054018
0.038894
0.648173
0.983524
0.026552
0.878457
0.978985
0.994449
0.975719
0.992420
0.002436
0.913921
0.002735
0.816338
0.078002
0.071066
0.870615
0.006670
0.876150
0.015777
0.037270
0.011621
0.082400
0.010156
0.042052
0.000704
0.987963
0.030775
0.986259
0.013893
0.070684
0.004346
0.999976
0.277663
0.008040
0.024543
0.994700
0.923063
0.988516
0.950415
0.715497
0.011140
0.000768
0.998020
0.964344
0.009440
0.000156
0.023419
0.952527
0.000000
0.000645
0.000037
0.178847
0.060751
0.036437
0.164271
0.000000
0.951873
0.818448
0.946954
0.399748
0.181757
0.932103
0.006379
0.974989
0.000655
0.990569
0.345299
0.779375
0.987345
0.005487
0.296400
0.024404
1.000000
0.999554
0.117880
0.882315
0.866127
0.062388
0.985915
0.262830
0.007438
0.911380
0.999996
0.158630
0.031249
0.984151
0.007818
0.994599
0.933654
0.987540
0.991566
0.029107
0.023163
0.074108
0.999997
0.013123
0.156310
0.032239
0.189000
0.196013
0.985339
0.213356
1.000000
0.064693
0.155518
0.053400
0.058272
0.999323
0.965850
0.000048
0.003062
0.000059
0.930892
0.616770
0.025476
0.159721
0.999993
0.991713
0.971163
0.071121
0.209060
0.904682
0.011104
0.006254
0.998276
0.009869
0.001792
0.089136
0.008603
0.621542
0.657417
0.476113
0.216876
0.998845
0.992025
0.999982
0.000395
0.133491
0.007930
0.037585
0.027116
0.018973
0.999479
0.999821
0.064564
0.026321
0.999999
0.928464
0.989499
0.044567
0.047553
0.961989
0.001130
1.000000
0.162991
0.982489
0.070180
0.763185
0.987851
0.121647
0.013947
0.092369
0.988440
0.543656
0.999997
0.982984
0.999999
0.009220
0.931639
1.000000
0.998137
0.000011
0.005547
0.642303
0.994155
0.015430
0.980788
0.796530
0.008442
0.002144
0.012104
0.012404
0.999550
0.007872
0.005657
0.001078
0.011754
0.999999
0.008027
0.023706
0.996056
0.070976
0.491552
0.629665
0.011890
0.102339
0.960341
0.972066
0.001888
0.006131
0.202467
0.030826
0.023671
0.612944
0.020975
0.016354
0.103458
0.034343
0.609954
0.079712
0.000023
0.000627
0.566261
0.000435
0.029127
0.013298
0.867971
0.997096
0.770573
0.939009
0.845964
0.278350
0.219155
0.141556
0.004081
0.859182
0.995149
0.000811
0.993331
0.368146
0.325877
0.213122
0.584224
0.998468
0.003645
0.019737
0.941945
0.026568
0.706403
0.006039
0.051615
0.951594
0.992890
0.999999
0.011020
0.783528
0.008099
0.011076
0.824185
0.000892
0.012411
0.999751
0.053343
0.981901
0.650958
0.009627
0.362879
0.014945
0.121556
0.001566
0.035079
0.994283
0.000094
0.997796
0.018456
0.998842
0.009120
0.003453
0.621155
0.063510
0.857310
0.007331
0.002898
0.038998
0.168920
0.012297
0.975598
0.999988
0.089234
0.019120
0.908959
0.907645
0.001210
0.019195
0.999885
0.345928
0.087291
0.014400
0.081935
0.052175
0.074763
0.001386
0.163357
0.146981
0.984806
0.999943
0.408793
0.851804
0.989804
0.993657
0.001707
0.083684
0.988534
0.004029
0.301755
0.866539
0.999991
0.014977
0.013286
0.405320
0.246530
0.999835
0.148782
0.981848
0.991835
0.999991
0.003534
0.097877
0.000000
0.757272
0.030280
0.000558
0.405012
0.940985
0.004876
0.990881
0.136639
0.033803
0.041786
0.014777
0.982945
0.188767
0.946087
0.005227
0.536711
0.998464
0.497902
0.009582
0.994232
0.998797
0.699840
0.004058
0.999840
0.931808
0.999999
0.023400
0.959504
0.024612
1.000000
0.803179
0.314277
0.977135
0.002754
0.935316
0.117888
0.003544
0.914850
0.596468
0.010597
0.863264
0.016521
0.126826
0.970656
0.006514
0.001815
0.995057
0.007631
0.989631
0.998478
0.996652
0.345333
0.014424
0.000000
0.020787
0.827562
0.925571
0.972329
0.999632
0.553639
0.998086
0.040055
0.079871
0.048688
0.999922
0.997406
0.000412
0.999169
0.996560
0.975511
0.047246
0.975827
0.160617
0.138998
0.010558
0.026858
0.000000
0.001540
0.990519
0.020099
0.963459
0.065443
0.000073
0.144873
0.308665
0.995861
0.992201
0.008222
0.000505
0.459321
0.989790
0.012960
0.033296
0.767427
0.012018
0.894724
0.053008
0.161243
0.007744
0.899170
0.997504
0.997855
0.570333
0.010321
0.969162
0.083873
0.998910
0.006198
0.030397
0.004668
0.999610
0.049153
0.000035
0.240352
0.963119
0.163774
0.000469
0.136795
0.000253
0.023823
0.024125
0.823634
0.994604
0.012999
0.020379
0.031391
0.986444
0.000122
0.109686
0.009482
0.935451
0.990333
1.000000
0.296308
0.005031
0.001069
0.010934
0.987440
0.126567
0.570012
0.002128
0.566287
0.923910
0.995446
0.074296
0.981125
0.144499
0.996112
1.000000
0.007510
0.006348
0.004321
0.982205
0.973895
0.971681
0.002001
0.999949
0.962101
0.985839
0.973778
0.918700
0.000495
0.001219
0.991918
0.165595
0.650780
0.021395
0.998971
0.008154
0.993582
0.987022
0.109539
0.406796
0.519100
0.014825
0.896934
0.988833
0.945537
0.825366
0.908490
0.989520
0.998171
0.200404
0.000030
0.999868
0.999838
0.936208
0.974056
0.000007
0.781272
0.001611
0.193761
0.575351
0.805732
0.999605
0.048251
0.029345
0.392343
0.000198
0.921874
0.757259
0.009177
0.411889
0.139413
0.968554
0.013450
0.950516
0.014750
0.021169
0.995562
0.073299
0.339240
0.960842
0.930799
0.002500
0.060727
0.999996
0.999693
0.018527
0.028313
0.045672
0.927705
0.000481
0.000000
0.977889
0.027245
0.994591
0.001939
0.130247
0.806580
0.861995
0.542690
0.999990
0.000178
0.740712
0.994994
0.155677
0.034793
0.262925
0.158261
0.137449
0.846307
0.102500
0.994066
0.000012
0.038851
0.303982
0.020194
0.999215
0.839702
0.008503
0.992327
0.001952
0.911810
0.342959
0.624160
0.801177
1.000000
0.001662
0.006977
0.119134
0.059824
0.054589
0.914027
0.985476
0.001332
0.021948
0.437167
0.104297
0.967060
0.579464
0.010543
1.000000
0.471227
0.395390
0.999136
0.991803
0.999995
0.589045
0.000172
0.224849
0.003892
0.001122
0.081913
0.217923
1.000000
0.016379
0.990851
0.997748
0.035622
0.518384
0.001504
0.386872
0.396367
0.386937
0.042115
0.999569
0.997139
0.999983
0.273439
0.008595
0.923765
0.971791
0.924666
0.809079
0.986871
0.011036
0.842969
0.989330
0.010387
0.102448
0.072678
0.929835
0.888508
1.000000
0.948474
0.999989
0.024611
0.907573
0.001012
0.003240
0.981407
0.000620
0.005679
0.189320
0.565877
0.040214
0.420633
0.806567
0.999800
0.013624
0.752140
0.004436
0.000365
0.029887
0.002146
0.148040
0.052270
1.000000
0.083133
0.005340
0.770000
0.003759
0.964721
0.985008
0.990504
0.010066
0.000257
0.588477
0.057423
0.970260
0.003012
0.944391
0.110647
0.000323
0.931904
0.000000
0.473909
0.015107
0.095038
0.929340
0.997050
0.955397
0.979901
0.000682
0.000653
0.914215
0.958293
0.991544
0.999878
0.105399
0.095972
0.997313
0.000194
0.997592
0.988893
0.025870
0.011521
0.964402
0.826978
0.999902
0.983256
0.999885
0.001800
0.872102
0.001732
0.035072
0.728494
0.007405
0.008451
0.102667
0.091882
0.270261
0.049095
0.999800
0.998346
0.997713
0.822080
0.970744
0.817818
0.056395
0.001285
0.999312
0.014724
0.017996
0.003463
0.777338
0.998914
0.745974
0.005454
0.153979
0.665557
0.973583
0.999996
0.963844
0.000560
0.360956
0.000000
0.999222
0.282912
0.010379
0.009062
0.403963
0.002778
0.955907
0.097810
0.912472
0.051211
0.009094
0.957567
0.048420
0.999524
0.002721
0.806995
0.999594
1.000000
0.118204
0.000435
0.857699
0.999982
0.001157
0.086391
0.988847
0.035466
0.999919
0.192828
0.051360
0.021959
0.130747
0.001615
0.032205
0.025028
0.999973
0.002793
0.043247
0.999993
0.004098
0.875835
0.011428
1.000000
0.998861
0.021202
0.999595
0.985268
0.010563
0.999766
0.915883
0.320959
0.999684
0.024211
0.079747
0.060392
0.996714
0.079490
0.990424
0.996871
0.030454
0.989496
0.922782
0.015487
0.945222
0.000057
0.183966
0.995129
0.014004
0.034936
0.006299
0.002369
0.982748
0.989831
0.037716
0.695858
0.811040
0.039419
0.018340
0.997314
0.003586
0.003104
0.041586
0.009209
0.004372
0.984746
0.433206
0.266640
0.000786
0.990260
0.999741
0.993699
0.999182
0.968112
0.753747
0.458043
0.118896
0.999891
0.000000
0.017318
0.027119
0.997419
0.000910
0.943893
0.978250
0.000772
0.998135
0.022726
0.049710
0.004226
1.000000
0.724117
0.999848
0.210847
0.600814
0.028339
0.701581
0.685892
0.990976
0.986760
0.610047
0.863041
0.001387
0.002290
0.001670
0.677141
0.016251
0.034925
0.045053
0.003062
0.221665
0.986141
0.004522
0.093799
0.061293
0.874584
0.970209
0.102595
0.017139
0.999887
0.997312
0.970518
0.014320
0.819858
0.795848
0.983480
0.983223
0.999230
0.777978
0.999997
0.006392
0.026678
0.079143
0.497029
0.902026
0.066994
0.004186
0.040708
0.301901
0.027973
0.383158
0.650188
0.708309
0.000058
0.875303
0.015998
0.154387
0.920930
0.900572
0.967891
0.011968
0.012870
0.001089
0.035899
0.049622
0.092042
0.002183
0.904861
0.002062
0.017096
0.980425
0.953142
0.098052
0.006698
0.000006
0.010777
0.998986
0.670775
0.780194
0.003995
0.760618
0.454432
0.959357
0.753663
0.986938
0.000552
0.997449
0.787937
0.935925
0.003942
0.982946
0.022061
0.918914
0.989012
0.002972
0.000564
0.999634
0.951216
0.000073
0.014391
0.004601
0.237252
0.023012
0.057199
0.612172
0.936705
0.986788
0.924013
0.998913
0.999993
0.195737
0.938050
0.957789
0.423996
0.079725
0.000952
0.349492
0.422333
0.958582
0.088880
0.023913
0.054679
0.346348
0.182015
0.001859
0.361205
0.830699
0.658022
0.790770
0.798615
0.040044
0.008629
0.663549
0.999866
0.000015
0.006165
0.989839
0.036955
0.985718
0.917767
0.849228
0.974116
0.001930
0.011793
0.993604
0.764974
0.996679
0.890229
0.998941
0.043769
0.999994
0.063952
0.443991
0.001700
0.000945
0.999992
0.014573
0.155741
0.048369
0.027965
0.961282
0.903257
0.000002
0.120548
0.116825
0.986375
0.918388
0.678547
0.985973
0.114494
0.138727
0.003860
0.437861
0.997861
0.915065
0.990276
0.001024
0.989546
0.999999
0.256676
0.143116
0.004873
0.135981
0.702222
0.894804
0.984397
0.978101
0.100527
0.999967
0.065277
0.874778
0.003511
0.001096
0.015758
0.006959
0.000949
0.996634
0.005151
0.010253
0.978553
0.999526
0.176266
0.043584
0.000995
0.036088
0.098563
0.004313
0.999999
0.999953
0.037188
1.000000
0.021503
0.086531
0.280255
0.001320
0.053641
0.185217
0.782961
0.977441
0.385564
0.794897
0.000873
0.989649
0.856078
0.011330
0.004354
0.972451
0.822045
0.001519
0.910067
0.970492
0.474778
0.033639
0.996656
0.023565
0.256062
0.987523
0.166096
0.964459
0.983462
0.668191
0.997458
0.014508
0.919760
0.334809
0.997620
0.366561
1.000000
0.082074
0.123311
0.011786
0.001515
0.193987
0.719457
0.973693
0.932237
0.157085
0.718657
0.000045
0.999552
0.988835
0.841241
0.895350
0.035329
0.012159
0.011501
0.349285
0.176846
0.001662
0.030776
0.961226
0.000302
0.998730
0.999995
0.197236
0.999834
0.001138
0.999955
0.999216
0.082367
0.770652
0.990633
0.933244
0.840470
0.137242
0.993807
0.835632
0.999709
0.972803
0.016924
0.995181
0.191946
0.257975
0.976891
0.197013
0.034455
0.327952
0.108632
0.000000
0.993522
0.912497
0.996308
0.386006
0.000219
0.802053
0.999912
1.000000
0.558809
0.458725
0.968494
0.843544
0.978362
0.086614
0.999495
0.052329
0.059712
0.005331
0.743041
0.994007
0.966000
0.936539
0.968119
0.023400
0.318794
0.123587
0.119185
0.980370
0.815228
0.766409
0.988975
0.929931
0.024523
0.997892
0.055501
0.018786
0.008310
0.985096
0.012406
0.999192
0.999301
0.986775
0.997953
0.047195
0.000043
0.110359
0.999997
0.992627
0.931797
0.992208
1.000000
0.918851
0.021402
0.143189
0.015547
0.005471
0.014492
0.058937
0.991495
0.019592
0.001308
0.888548
0.920955
0.091490
0.971382
0.020004
0.985848
0.263622
0.559598
0.392467
0.994489
0.168041
0.070932
0.256798
0.000174
0.013737
0.029251
0.945677
0.018066
0.433151
0.183395
0.044032
0.974587
0.018581
0.057838
0.952620
0.999971
0.018276
0.992228
0.011708
0.004244
0.004156
0.999659
0.000008
0.535033
0.018765
0.043052
0.125810
0.134859
0.999539
0.918921
0.989948
0.002427
0.281977
0.087248
0.999713
0.947856
0.865467
0.318048
0.924821
0.999528
0.007355
0.992780
0.683786
0.017540
0.856519
0.007214
0.118998
0.800922
0.860258
0.000000
0.060905
0.988092
0.999483
0.947518
0.984736
0.106023
0.002321
0.999544
0.003139
0.068748
0.062230
0.915877
0.996749
0.003800
0.980749
0.999743
0.999985
1.000000
0.087115
0.068197
0.995259
0.275449
0.894867
0.041632
0.017515
0.994358
0.035555
1.000000
0.130408
0.926995
0.997757
0.011460
0.998824
0.114702
1.000000
0.018068
0.999971
0.036805
1.000000
0.175088
1.000000
0.939781
0.332889
0.029405
0.981597
0.013974
0.988220
0.000247
0.049848
0.341854
0.991912
0.397571
0.018891
0.999819
0.997839
0.015738
0.315881
1.000000
0.000182
0.084482
0.993224
0.104676
0.996489
0.008167
0.033302
0.014627
0.943699
0.037907
0.081690
0.023933
0.078540
0.260344
0.993342
0.068562
0.979467
0.016026
0.195351
0.003826
0.925176
0.021368
0.085634
0.765831
0.995926
0.236756
0.971455
0.991674
0.032316
0.709225
0.646822
0.988543
0.943109
0.308393
0.999763
0.002203
0.987387
0.999640
0.005318
0.996166
0.854072
0.932310
0.006486
0.943606
0.071712
0.014328
0.000949
0.970304
0.999995
0.999759
0.934304
0.002032
0.003973
0.195780
0.002575
0.990120
0.132620
0.612914
0.753003
0.000960
0.033200
0.597716
0.290073
0.999859
0.232055
0.836032
0.983755
0.001069
0.990466
0.009429
0.001529
0.997138
0.000007
0.017164
0.924073
0.000000
0.011971
0.988573
0.997385
0.998462
0.999961
0.301892
0.892222
0.087208
0.042539
0.836644
0.028333
0.999951
0.999134
0.998038
0.974204
0.041534
0.000863
0.284503
0.017801
0.992499
0.882910
0.460305
0.991584
0.504971
0.066290
0.000006
0.006154
0.052825
0.004770
0.009418
0.999609
0.012022
0.958824
0.006033
0.719697
0.867510
1.000000
0.927887
0.374964
0.007995
0.000220
0.999958
0.012802
0.996796
0.032501
0.036131
0.949051
0.963514
0.992352
0.600651
0.443837
0.994641
0.003072
0.993326
0.072491
0.992205
0.961495
0.018620
0.045349
0.999995
0.963407
0.059954
0.998627
0.225508
0.004973
0.833785
0.828763
0.038944
0.786267
0.026149
0.993038
1.000000
0.166291
0.835435
0.654538
0.999996
0.999512
0.712782
0.049272
0.724584
0.996505
0.016626
0.063862
0.990494
0.234374
0.999916
0.963271
0.741182
0.994000
0.180318
0.009022
0.304893
0.001560
0.986057
1.000000
0.999874
0.917425
0.985661
0.000844
0.999980
0.004836
1.000000
0.995601
0.000786
0.467440
0.999823
0.951620
0.033550
0.999574
0.998720
0.988562
0.999893
0.995284
0.040600
0.000900
0.012074
0.021353
0.999181
0.189337
0.995521
0.154225
0.986751
0.007705
0.993556
0.960136
0.925101
0.021459
0.005633
1.000000
0.006531
0.010147
0.132489
0.535749
0.001132
0.052648
0.000081
0.139090
0.025122
0.002721
0.999845
0.989217
0.999218
0.015205
0.355586
0.002432
0.061754
0.998327
0.999362
0.008454
0.957505
0.922410
0.854717
0.300202
0.020243
0.014736
0.020668
0.997232
0.980819
0.255859
0.060243
0.925194
0.982715
0.945914
0.259481
1.000000
0.620213
0.514209
0.318950
0.052599
0.001677
0.634899
0.011126
0.992510
0.001247
0.014888
0.935770
0.017279
0.998259
0.004424
0.999866
0.084718
0.061615
0.117692
0.983038
0.854364
0.897460
0.969767
0.975309
0.009558
0.007478
0.999948
0.966484
0.015870
0.999608
0.025073
0.999899
0.278578
0.000055
0.994537
0.987364
0.053039
0.974683
0.054928
0.033826
0.086379
0.007062
0.984171
0.003986
0.004344
0.001517
0.038595
0.980397
0.873498
0.077457
0.000002
0.634971
1.000000
0.997631
0.917473
0.315784
1.000000
0.043547
0.539081
0.037292
0.998082
0.110665
0.010313
0.455139
0.004873
0.995190
0.547371
0.036421
0.044258
0.135915
1.000000
0.036985
0.966853
0.005512
0.025365
0.904635
0.054004
0.992383
0.007856
0.064036
0.928949
0.996248
0.472045
0.999908
1.000000
0.000000
0.042917
0.012112
0.483619
0.038604
0.001486
0.040537
0.996378
0.948472
0.995635
0.934711
0.999779
0.003122
0.259336
0.967930
0.085383
0.080797
1.000000
1.000000
0.997663
0.842652
0.991039
0.148647
0.077087
0.998271
0.991027
0.017121
0.993335
0.987985
0.013146
0.697694
0.023240
0.001374
0.966184
0.234562
0.999652
0.959155
0.006303
0.050948
0.017529
0.999988
0.199998
1.000000
0.003555
0.995045
0.998037
0.406204
1.000000
0.001165
0.030946
0.171337
0.998260
0.956525
0.980275
0.851898
0.241102
0.996017
0.022781
0.000000
0.015347
0.877555
0.026530
0.000001
0.022656
0.122955
0.011887
0.036627
0.003231
0.963999
0.185428
0.730554
1.000000
0.825186
0.000487
0.999869
0.000266
0.535285
0.991032
0.995736
0.083826
0.703405
0.986920
0.895588
0.799964
0.010386
0.003424
0.028015
0.999920
0.002632
0.983214
0.009649
0.914313
0.829348
0.003879
0.994087
0.992131
0.023234
0.004226
0.191199
0.999873
0.999998
0.964864
0.023901
0.026207
0.999849
0.004264
0.220088
0.999982
0.909278
0.165628
0.999668
0.046695
0.805783
0.075630
0.980621
0.007933
0.125643
0.988667
0.008783
0.973909
0.002522
0.144715
0.300175
0.999586
0.021830
0.009341
0.007919
0.016894
0.989304
0.951144
0.935701
0.991656
0.057718
0.000001
0.832617
0.928387
0.103310
0.037307
0.101068
0.998266
0.006939
0.999916
0.999993
0.066284
0.996014
0.997355
0.002856
0.992065
0.003849
0.002621
0.982647
0.998210
0.919324
0.995135
0.001181
0.007667
0.919170
0.029739
0.976913
0.999997
0.000185
0.009433
0.030159
0.981625
0.973377
0.382338
0.108175
0.031212
0.005011
0.026552
0.669651
0.991188
0.950970
0.003492
0.011488
0.028637
0.430916
0.928645
0.045831
0.019555
0.001062
0.056852
0.001270
0.956464
0.164577
0.965474
0.002960
0.117787
0.049869
0.948797
0.815167
0.943061
0.533362
0.776471
0.005140
0.921303
0.031690
1.000000
0.529609
0.979783
0.159599
0.010824
0.972884
0.706579
0.000902
0.998685
0.019744
0.041809
0.024165
0.929465
0.057157
0.282217
0.060486
0.006446
0.999209
0.999981
0.037568
0.381855
0.931662
0.217897
0.060982
0.967716
0.096583
0.048648
0.002333
0.964494
0.998709
0.026376
0.032854
0.137402
0.981405
0.981811
0.550753
0.993112
0.975065
0.932099
0.353102
0.134714
0.008418
0.990835
0.018065
0.997765
0.004345
0.022378
0.233238
0.996438
0.014653
0.999719
0.998661
0.134176
0.000743
0.084018
0.987111
0.995711
1.000000
0.010692
0.999981
0.819062
0.002113
0.259681
0.999981
0.990973
0.025199
0.004086
0.008827
0.002951
0.985711
0.163168
0.001759
0.106077
0.958271
0.037122
0.615339
0.996863
0.004982
0.983077
0.000001
0.036720
0.943116
0.999723
0.090390
1.000000
0.979577
0.054556
0.983619
0.974631
0.912131
0.057374
0.194395
0.988671
0.841883
0.057774
0.971453
0.000884
0.626957
0.785041
0.523075
0.999925
0.047693
0.985439
0.988661
0.000153
0.096584
0.563687
0.538823
0.064560
0.771073
0.987612
0.985900
0.007232
0.046866
0.955446
1.000000
0.125939
0.926765
0.034128
0.028567
0.983291
0.000863
0.004454
0.011568
0.990465
0.005344
0.017169
0.982783
0.002416
0.009791
0.910243
0.745115
0.000000
0.087658
0.533837
0.981274
0.995964
0.082574
0.827117
0.006926
0.009230
0.996055
0.007832
0.193936
0.998932
0.991535
0.985138
0.993725
0.929533
0.998870
0.023827
0.524926
0.411734
0.204854
0.006332
0.992523
0.999078
0.993622
0.019161
0.044342
0.953536
0.055500
0.874007
0.082879
0.019968
0.994482
0.011554
0.351378
0.926664
1.000000
0.009717
0.997841
0.026150
0.849391
0.002753
0.014669
0.005672
0.938011
0.042807
0.980848
0.992300
0.023987
0.005502
0.018922
0.105404
0.932214
0.737352
0.974370
0.946873
0.640267
0.954634
0.998064
0.997534
0.000764
0.092171
0.991231
0.998904
0.141428
0.429824
0.013746
0.042891
0.998411
0.000374
0.010693
0.996333
0.959410
0.974358
0.013446
0.129689
0.227866
0.999271
0.983843
0.950088
0.249730
0.722038
0.009966
0.011260
0.934642
0.081466
0.005125
0.996976
0.135529
0.012320
0.105579
0.535030
0.070592
0.972265
1.000000
0.006902
0.958403
0.997362
0.002722
0.000001
0.224683
0.039831
0.124313
0.992572
0.098060
0.043104
0.842307
0.970535
0.957216
0.007358
0.181328
0.890135
0.053745
0.001266
0.635201
0.991709
0.959960
0.992935
1.000000
0.999886
0.078908
0.982083
0.985215
0.939535
0.999992
0.954836
0.972940
0.956763
0.999975
0.000646
0.647695
0.731302
0.021909
0.860272
0.004549
0.297700
0.999279
0.989755
0.036736
0.700485
0.995388
0.740434
0.025756
0.951978
0.073733
0.436824
0.003160
0.001029
0.999613
0.059528
0.999772
0.110594
0.087754
0.025885
0.041596
0.029475
0.048128
0.018374
0.008810
0.995437
0.980322
0.452787
0.997321
0.002151
0.982968
0.102333
0.976121
0.036506
0.003668
0.000980
0.010971
0.986575
0.936715
0.954019
0.454254
0.000135
0.064732
0.000099
0.072006
0.989609
0.997147
0.023318
0.999361
0.858774
0.003599
0.999294
0.001095
0.567979
0.992525
0.039249
0.017676
0.952568
0.996466
1.000000
0.015895
0.977564
0.906455
0.879905
0.131273
0.980509
0.995032
0.999999
0.999987
0.806648
0.007698
0.055891
0.995819
0.424173
0.000799
0.147428
0.864447
0.995372
0.836585
0.997681
0.001925
0.980209
0.999419
0.982831
0.000058
1.000000
0.031721
0.996006
0.131305
0.139770
0.966127
0.912185
0.493921
0.003249
0.170065
0.993957
0.000324
0.051949
0.008205
0.000062
0.599511
0.998637
0.985069
0.035328
0.074435
0.008781
0.001284
0.007804
0.000001
0.028996
0.062381
0.990500
0.968475
0.897406
0.263336
0.000011
0.948505
0.999187
0.716159
0.000466
0.020330
1.000000
0.155191
0.674653
0.943789
0.008033
0.928464
1.000000
0.979268
0.403249
0.999413
0.084443
0.941727
0.043102
0.020060
0.019905
0.018842
0.000250
0.987401
0.004069
0.871793
0.016187
0.035867
0.993686
0.000196
0.999762
0.119858
0.968608
0.719424
0.042964
0.000028
0.944710
0.007561
0.523743
0.000540
0.000232
0.065759
0.020058
0.984184
0.982480
0.008791
0.007322
0.979245
0.486887
0.999993
0.396209
0.112186
0.000570
1.000000
0.978205
0.006952
0.469363
0.000071
0.982209
0.904370
0.329494
0.892648
0.999880
0.954629
0.075058
0.999922
0.053298
0.088456
0.145356
0.251562
0.958629
0.997934
0.841338
0.033896
0.001001
0.884661
0.980677
0.004924
0.973893
0.988241
0.004478
0.999208
0.012985
0.946654
0.876503
0.981882
0.073626
0.268002
0.006327
0.013249
0.000202
0.047980
0.208751
0.949876
0.204400
0.007490
0.053916
1.000000
0.017248
0.991495
0.003752
0.018883
0.017459
0.009620
0.002734
0.981937
0.991461
0.992796
0.153070
0.355683
0.562904
0.052523
0.079973
0.328829
0.998266
0.002760
0.999304
0.097038
0.005741
0.988467
0.995178
0.000014
1.000000
0.977903
0.066327
0.017120
0.019695
0.102774
0.007754
0.019035
0.003772
0.001363
0.878060
0.702355
0.160135
0.118175
0.004354
0.999995
0.986582
0.999669
0.763900
0.723100
0.009508
0.160942
0.015079
0.281488
0.000918
0.970904
0.150139
0.985820
0.999996
0.360016
0.060275
0.998823
0.004218
0.000165
0.327665
0.992251
0.988588
0.999257
0.115156
0.007671
0.011149
0.969622
0.157528
0.000000
0.820127
0.000163
0.002644
0.067713
0.025895
0.000086
0.990214
0.002346
0.996814
0.004527
0.044954
0.478161
0.917692
0.999999
0.992351
0.981473
0.999861
1.000000
0.047943
0.005929
0.885583
0.960320
0.999757
0.963700
0.996225
0.083528
0.037713
0.024593
0.992216
0.003042
0.615867
0.005200
0.048551
0.996155
0.154496
0.999999
0.988650
0.365333
0.102716
0.999780
0.004165
0.952953
0.985058
1.000000
0.031528
0.012736
0.933897
0.999479
0.000502
0.387778
0.036990
0.000013
0.076379
0.002758
0.034334
0.099809
0.720059
0.037083
0.113421
0.054804
0.928216
0.947904
0.017630
0.016090
0.977840
0.998841
0.771170
0.011179
0.993221
0.050700
0.998010
0.238828
0.994772
0.071166
0.003438
0.833546
0.993568
0.003667
0.999995
0.013845
0.988101
0.425886
0.971130
0.928853
0.059769
0.000950
0.049437
0.204525
0.000020
0.996930
0.919838
0.870431
0.523078
0.535264
0.990589
0.065058
0.891609
0.899302
0.452362
0.004862
0.998800
0.043868
0.999997
0.298371
0.011649
0.998777
0.001541
0.963870
0.607793
0.212940
0.941435
0.989122
0.890541
0.041436
0.025091
0.162531
0.063193
0.999578
0.903455
0.977014
0.005117
0.020444
0.924322
0.139993
0.970325
0.000006
0.000187
0.574207
0.734289
0.963031
0.064798
0.984574
0.966813
0.827384
0.135835
0.395487
0.002060
0.865613
0.999941
0.184521
0.026810
0.913657
0.035383
0.953606
0.003817
0.933049
0.989726
0.051619
0.964588
0.001129
0.015200
0.999999
0.999700
0.316920
0.953744
0.999996
0.956523
0.000153
0.989036
0.022983
0.032480
0.107900
0.947007
1.000000
0.609323
0.065220
0.021178
0.001170
0.028458
0.997363
0.218350
0.977777
0.251428
0.000068
0.104363
0.941298
0.998456
0.170343
0.428379
0.007345
0.933693
0.999997
0.153414
0.047353
0.000000
0.539696
0.980276
0.000000
0.998353
0.908210
0.001838
0.014964
0.032350
0.050163
0.999780
0.997391
0.217188
0.011555
0.982199
0.999772
0.061710
0.213128
1.000000
0.061724
0.999606
0.000605
0.046174
0.006416
0.999814
0.004051
0.021739
0.006417
0.916495
0.999989
0.998255
0.035033
0.006110
0.032670
0.007881
0.013315
0.999752
0.509804
0.115146
0.605684
0.003182
0.000004
0.884605
0.001499
0.054854
0.332708
0.887296
0.005255
0.030115
0.028649
0.999322
0.054010
0.021148
0.823856
0.799245
0.991469
0.974971
0.102625
0.092945
0.030264
0.741762
1.000000
0.015625
0.921952
0.999977
0.848512
0.972067
0.003717
0.999977
0.093019
0.065102
0.082161
0.874422
0.832908
0.006141
1.000000
0.000000
0.001178
0.047391
0.058633
0.003636
0.355988
0.973066
0.013221
0.923711
0.519783
0.996485
0.996580
0.996298
0.852101
0.998823
0.009658
0.029269
0.044505
0.252562
0.028362
0.729314
0.037730
0.036718
0.999978
0.679764
0.993461
0.392515
0.033398
0.999310
0.387289
0.002325
0.013615
0.999608
0.825858
0.987476
0.953936
0.076509
0.028473
0.000370
0.005850
0.744057
0.000848
0.518163
0.999524
0.999792
0.956493
0.085610
0.047073
0.937120
0.942426
0.999944
1.000000
0.008939
0.574741
0.966244
0.001437
0.997869
0.000261
0.001990
0.002000
0.995495
0.001823
0.009629
0.006859
0.007372
0.005924
0.025059
0.999919
0.930793
0.995730
0.256073
0.007325
0.914236
0.265261
0.144782
0.999999
0.910312
0.992586
0.653108
0.975543
0.955228
0.952695
0.022145
0.998211
0.980926
0.820640
0.955279
0.008041
0.023792
0.138298
0.983813
0.043652
0.156158
0.000374
0.997116
0.972554
0.992031
0.981258
0.628669
0.054683
0.934015
0.116943
0.928470
0.042848
0.026853
0.877466
0.963755
0.990368
0.000193
0.995099
0.158089
0.893151
0.000036
1.000000
0.001608
0.011813
0.379310
0.008666
0.922169
0.195369
0.685183
0.044147
0.974834
0.999926
0.274806
0.907002
0.004053
0.907725
0.263031
0.935247
0.070159
0.000097
0.053925
0.057379
0.998095
0.000453
0.995739
0.963420
0.927554
0.088635
0.940424
0.063505
0.010327
0.874219
0.862577
0.962414
0.989423
0.959541
0.983656
0.297605
0.917157
0.000656
0.007898
0.059569
0.983170
0.410081
0.609575
0.006118
0.999919
0.995848
0.000570
0.076900
0.982350
0.025917
0.871170
0.806391
0.000631
0.000607
0.030659
0.377304
0.687679
0.018387
0.978146
0.033142
0.010138
0.820629
0.999980
0.004621
0.984499
0.350186
0.910537
0.002093
0.791920
0.917510
0.997987
0.050612
0.999713
0.001614
0.954928
1.000000
0.999559
0.983055
0.905393
0.957718
0.911949
0.000634
0.954176
0.008037
0.995579
0.978572
0.075245
0.095956
0.998562
0.002379
0.051429
0.037774
0.001535
0.068814
0.001210
0.999546
0.992996
0.116362
0.001167
0.998526
0.015301
0.993525
0.987064
0.978659
0.991453
0.999287
0.998277
1.000000
0.999757
1.000000
0.937207
0.005689
0.944958
0.999414
0.999914
0.209483
0.120736
0.500190
0.010041
0.028943
0.021180
0.020954
0.875828
0.093052
0.011398
0.696482
0.018136
0.004292
0.005008
0.510820
0.007896
0.208903
0.999361
0.002800
0.004384
0.999984
0.840648
0.985410
0.045739
1.000000
0.995125
0.004732
0.998458
0.000016
0.988274
0.339334
0.090587
0.044608
0.007042
0.828946
0.135180
0.008408
0.007672
0.983318
0.989822
0.069541
0.019031
0.998911
0.027387
0.923780
0.893785
0.129696
0.007738
0.646678
0.038331
0.955305
0.015287
0.001117
0.945566
0.999643
0.930768
0.000315
0.763438
0.053417
0.040538
0.024667
0.023296
0.142182
0.981851
0.664130
0.004484
0.971410
0.170714
0.052496
0.995456
0.999577
0.880984
0.999973
0.999803
0.038914
0.108463
0.002201
0.008371
0.001869
0.995545
0.967014
0.001221
0.311887
0.998637
0.087751
0.641879
0.988926
0.978584
0.918011
0.896440
0.455942
0.985085
0.000107
0.045919
0.164660
0.999012
0.015037
0.890674
0.969641
0.999524
0.999046
0.930452
0.001035
0.994543
0.032174
0.006364
0.898791
0.992274
0.900480
0.999994
0.379949
0.058768
0.898074
0.056544
0.107994
0.706191
0.007955
0.325624
0.999614
0.985785
0.278597
0.030671
0.593701
0.684590
0.901733
0.032954
0.357746
0.016121
0.999789
0.003857
0.040377
0.999294
0.989819
0.017514
0.788376
0.999002
0.006174
0.205682
0.998730
0.981474
0.011746
0.995673
0.918481
0.016745
0.997338
0.001757
0.000943
0.055256
0.481041
0.914006
0.978344
0.155168
0.873975
0.954006
0.633916
0.999727
0.011929
0.743555
0.018495
0.146060
0.995068
0.075799
0.350304
0.215349
0.134851
1.000000
0.066444
0.974704
0.999980
0.999973
0.985606
0.001816
0.985865
0.976520
0.038096
0.030984
0.973815
0.012232
0.094005
0.644699
0.006231
0.949511
0.833549
0.998419
0.999451
0.001497
0.999607
0.982975
0.052711
0.380107
0.479741
0.928427
0.835832
0.004277
0.720512
0.001806
0.997253
0.999103
0.003707
0.262404
0.041064
0.000807
0.946957
0.914093
1.000000
0.008660
0.994461
0.041814
0.016038
0.643483
0.983953
0.019142
0.987525
0.008072
0.075253
0.994003
0.023014
0.884999
0.034838
0.000143
0.019635
0.631744
0.022365
0.024200
0.217775
0.095396
0.663266
0.912047
0.010962
0.972575
0.054391
0.991497
0.152898
0.041089
0.014381
0.056797
0.003482
0.991024
0.964693
0.046549
0.045924
0.026268
0.014578
0.999441
0.910495
0.374795
0.005040
0.009065
0.978292
0.951514
0.113077
0.996357
0.979555
0.030374
0.978897
0.071165
0.994121
0.274268
0.921050
0.391663
0.458696
0.006900
0.999388
0.042831
0.063855
0.255881
0.007161
0.007551
0.045781
0.832021
0.101906
0.188548
0.987105
0.013409
0.941029
0.860983
0.876891
0.997721
0.997592
0.993250
0.007460
0.985916
1.000000
0.530896
0.858250
0.998779
0.778556
0.007118
0.940659
0.920524
0.329546
0.045505
0.002284
0.016185
0.263282
0.226710
0.967483
0.052297
0.073341
0.708482
0.938776
0.004494
0.237659
0.617991
0.002663
0.899257
0.993424
0.003357
0.049112
0.968775
0.994753
0.143940
0.101496
0.003494
0.970725
0.963487
0.062180
0.165560
0.980187
0.989723
0.051331
0.000281
0.072950
0.026254
0.000333
1.000000
0.465561
0.450782
0.001697
0.001465
0.613440
0.010170
0.076002
0.031501
0.000019
0.961107
0.114201
0.939106
0.999337
0.599911
0.000010
0.781658
0.214221
0.002505
0.366194
0.846765
0.072015
0.981181
0.997324
0.117191
0.002337
0.004957
0.920520
0.070265
0.028107
0.053516
0.923725
0.955465
0.698828
0.004165
0.997710
0.874708
0.035893
0.233730
0.007415
0.169235
0.830404
0.990573
0.134692
0.009707
0.998444
0.810924
0.995412
0.755471
0.020131
0.010812
0.977759
0.013206
0.018027
0.993634
0.474046
0.013307
0.999010
0.001549
0.055607
0.966874
0.940304
0.006791
0.010204
0.008233
1.000000
0.947477
0.008099
0.721323
0.997358
0.909933
0.032186
0.001316
1.000000
0.922370
0.341533
0.662297
0.120184
0.016960
0.012312
0.999744
0.000584
0.040538
0.048162
0.003085
0.999790
0.199793
0.997799
0.984891
0.053746
0.173841
0.209791
0.998088
0.079357
0.081648
0.994525
0.998077
0.970623
0.785447
0.009571
0.268476
0.096832
0.295790
0.008603
0.028874
0.039467
0.006065
0.987652
0.002419
0.993716
0.999791
0.940712
0.954445
0.999856
0.058807
0.011232
0.033878
0.271479
0.010415
0.928349
0.001687
0.873399
0.995128
0.063479
0.976158
0.032764
1.000000
0.140142
0.641494
0.083924
0.133519
0.885682
0.991504
0.051878
0.374605
0.987734
0.996520
0.995432
0.007659
0.000129
0.055770
0.054072
0.001593
0.560497
0.499736
0.871478
0.792945
0.001662
0.987849
0.020841
0.050141
0.378840
0.351515
0.083585
0.999993
0.900199
0.948246
0.999996
0.001938
0.010054
0.089630
0.999982
0.552071
0.973850
0.001152
0.154766
0.999372
0.963208
0.880970
0.978142
0.090582
0.018971
0.041371
0.024191
0.044942
0.999935
1.000000
0.212852
0.000005
0.952996
0.009552
0.023115
0.978326
0.948690
0.000021
0.931871
0.015804
0.948667
0.999993
0.004710
0.210223
0.785994
0.999811
0.027796
0.004406
0.154259
0.009933
0.052584
0.825527
0.231721
0.008136
0.305988
0.674399
0.998198
0.000024
0.005977
0.955822
0.024699
0.179644
0.327471
0.101703
0.996664
0.990951
0.213509
0.999096
0.774886
0.027430
0.000024
0.895563
0.754761
0.317595
0.021448
0.999631
0.000000
0.027518
0.005054
0.995763
0.884280
0.002081
0.184817
0.992260
0.963429
0.153939
0.005847
0.990927
0.891359
0.151742
0.080466
0.051867
0.001095
0.036280
0.000158
0.013580
0.001264
0.081233
0.022015
0.995921
0.953790
0.981797
0.997427
0.509233
0.659605
0.895241
0.008453
0.039421
0.947643
0.024165
0.775836
0.003154
0.036164
0.636468
0.991331
0.002136
0.996644
0.992624
0.670660
0.169397
0.011386
0.004118
0.992566
0.969587
0.993578
0.720569
0.999359
0.223440
0.116939
0.972601
0.991066
0.011261
0.983527
0.004496
0.000760
0.008352
0.004782
0.853437
0.006938
0.999911
0.000445
0.995705
0.037599
0.046197
0.996803
0.000008
0.947081
0.000002
0.993104
0.997417
0.062719
0.996671
0.976814
0.898117
0.021091
0.015479
0.145915
0.050022
0.994006
0.166879
0.759888
0.999992
0.627474
0.943309
0.000555
0.125760
0.018199
0.000851
0.067774
0.287849
0.420465
0.039237
0.972214
0.042613
0.003680
0.018947
0.967490
0.333378
0.999896
0.999999
0.070355
0.010878
0.965322
0.000035
0.983648
0.648513
0.026325
0.034216
1.000000
0.338037
0.999631
0.008965
0.844588
0.226348
0.842974
0.063255
0.003168
0.955712
0.458883
0.993830
0.053263
0.958721
0.999561
0.001271
0.970979
0.995626
0.002454
0.000251
0.949446
0.986196
0.082410
0.002240
0.006281
0.815172
0.035880
0.028378
0.137880
0.998511
0.060623
0.980671
0.008671
0.986748
0.222747
0.849519
0.930659
0.964788
0.020575
0.000037
0.017406
0.214270
0.054174
0.064571
0.108096
0.006071
0.021594
0.850368
0.890674
0.070984
0.418155
0.955574
0.184025
0.880503
0.004349
0.001868
0.998663
0.981752
0.135179
0.006019
0.032218
0.976061
0.060771
0.016681
0.930349
0.999488
0.081372
0.008980
0.012481
0.009415
0.116755
0.010548
0.965525
0.100588
0.109480
0.161971
0.107652
0.982019
0.001356
0.979932
0.045636
0.997502
0.999657
0.005023
0.023834
0.000386
0.844378
0.574155
0.888850
0.058113
0.017486
0.928605
0.104173
0.970149
0.986605
0.007278
0.876088
0.002384
0.078846
0.144855
0.999188
0.690259
0.000450
0.004443
0.205107
0.990794
0.033956
0.970661
0.942754
0.090759
0.008286
0.856826
0.000396
1.000000
0.044095
0.991833
0.010526
0.999261
0.520412
0.935843
0.947474
0.526950
0.004966
0.358720
0.971381
0.816797
0.998659
0.901601
0.999156
0.032116
0.148477
0.994396
0.947377
0.005643
0.975585
1.000000
0.964472
0.000262
0.058469
0.035445
0.158140
0.993627
0.984055
0.998164
0.001650
0.969005
0.082362
0.787110
0.999997
0.001891
0.999788
0.999886
0.988681
0.992158
0.036929
0.956965
0.999816
0.011522
0.546795
0.085085
0.622447
0.999975
0.215643
0.000778
0.999999
0.999978
0.989593
0.095561
0.992427
0.011301
0.000442
0.999660
1.000000
0.091312
0.048627
0.992015
0.261166
0.000501
0.013747
1.000000
0.054171
0.924471
0.018748
0.003012
0.570451
0.999713
0.990318
0.008926
0.026223
0.996746
0.049055
0.369487
0.009040
0.967813
0.000287
0.979856
0.998765
0.984630
0.999477
0.979433
0.345400
0.829213
0.980406
0.740138
0.129755
0.337434
0.991180
0.025387
0.066945
0.048200
0.931390
0.601794
0.996088
0.013836
0.003902
0.080059
0.085689
0.848857
0.401669
0.538167
0.996448
0.974856
0.004485
0.979502
0.072621
0.000001
0.249445
0.007860
0.992319
0.795988
0.999997
0.483257
0.000076
0.013363
0.999424
0.957182
0.002193
0.463481
0.073828
0.973327
0.999924
1.000000
0.906715
0.959923
0.134476
0.966582
0.001136
0.000028
0.998322
0.091656
0.913945
0.992709
0.068707
0.985700
0.038711
0.003759
0.942879
0.999781
0.548311
0.443218
0.002190
0.987819
0.570480
0.974278
0.680532
0.955566
0.001076
0.015051
0.112583
0.999951
0.126930
0.951865
0.695548
0.948047
0.928124
0.128339
0.979583
0.155320
0.906640
0.679222
0.013842
1.000000
0.391533
0.945345
0.021340
0.047966
0.913187
0.027872
0.999623
0.093647
0.006153
0.000883
0.998163
0.994418
0.999506
0.011883
0.768422
0.964190
0.045587
0.999693
0.999824
0.990758
0.011966
0.073729
0.999991
0.999665
0.050273
0.995726
0.947173
0.868778
0.002412
0.071562
0.990010
0.049398
0.122582
0.026481
0.424525
0.165792
0.989868
0.019902
0.888751
0.998799
0.810499
0.830610
0.516337
0.683059
0.011400
0.986054
0.013038
0.010314
0.981105
0.997644
0.036871
0.969385
0.965522
0.000089
0.061782
0.005744
0.999003
0.569219
0.957220
0.999874
0.007560
0.999379
0.999721
0.027833
0.995002
0.809435
0.015753
0.014199
0.004325
0.878866
0.120621
0.975279
0.277492
0.722168
0.898288
0.003045
0.997659
1.000000
0.023174
0.177804
0.006767
0.896947
0.330447
0.000197
0.973543
0.015607
0.999910
0.463477
0.560012
0.993356
0.999769
0.941498
0.997142
0.932334
0.949304
0.013535
0.000036
0.786711
0.999983
0.001881
0.994907
0.924216
0.000029
0.995520
0.990412
0.006312
0.865264
0.950568
0.800368
0.423921
0.661146
0.002620
0.012565
0.593879
0.997512
0.961753
0.004995
0.096348
0.046048
0.000747
0.173101
0.410177
0.338592
0.767917
0.178970
0.773920
1.000000
0.043384
0.784138
0.714130
0.055907
0.712178
0.093394
0.000017
0.968077
0.994056
0.099873
0.423648
0.965751
0.737246
1.000000
0.006390
0.037288
0.998642
0.088846
0.118756
0.065344
0.999319
0.706257
0.999990
0.985458
0.004534
0.535823
0.719969
0.009888
0.129428
0.999314
0.087344
0.814286
0.059751
0.019918
0.000051
0.022841
0.990796
0.040071
0.242005
0.999961
1.000000
0.977796
0.999942
0.999933
0.785927
0.043788
0.001700
0.923122
0.040182
0.927858
0.000561
0.007337
0.944748
0.175032
0.969482
0.992163
0.911881
0.973222
0.000050
0.999929
0.014539
0.002340
0.083328
0.000058
0.142820
0.018170
0.931508
0.326957
0.042921
0.913042
0.428347
0.933500
0.923954
0.001376
0.056721
0.003887
0.999031
0.007457
0.995797
0.001896
0.999145
0.033300
0.464559
0.996017
0.996794
0.980772
0.071938
0.016723
0.898545
0.909710
0.554470
0.034533
0.749562
0.004968
0.639542
0.123948
0.823625
0.855359
0.981008
0.823096
0.001269
0.998856
0.000121
0.976461
0.018969
0.998838
0.003864
0.986162
0.051756
0.999563
0.067247
0.964494
0.272938
0.993433
0.186284
0.126065
0.999530
0.735625
0.037922
0.916891
0.918161
0.139471
0.050771
0.323761
1.000000
0.018161
0.000005
0.981968
0.012299
0.980934
0.039284
0.010185
0.013718
0.051891
0.295802
0.977243
0.775389
0.023209
0.998224
0.985723
0.055487
0.040581
0.014475
0.055794
0.774178
0.891377
0.999979
0.998822
0.984914
0.002133
0.131677
0.830375
0.030397
0.086722
0.003110
0.993997
0.435390
0.200943
0.002040
0.986283
0.035308
0.996541
1.000000
0.012593
0.973941
0.027872
0.020627
0.999962
0.076284
0.999036
0.913419
0.999045
0.540139
0.996287
0.002919
0.999997
0.990170
0.030354
0.019741
0.616244
0.009954
0.039828
0.963066
0.009010
0.091067
0.153281
0.082655
0.014394
0.715018
0.033474
0.822265
0.041624
0.000268
0.017973
0.014539
0.006965
0.008003
1.000000
0.953045
0.355609
0.012920
0.994704
0.154338
0.042729
0.032826
0.013581
0.034076
0.971680
0.072072
0.974592
0.665030
0.954875
0.999886
0.842696
0.931897
0.849497
0.000294
0.995118
0.711214
0.077561
0.017235
0.006915
0.007841
0.927790
0.999250
0.998333
0.029449
