0.432355
0.991111
0.294299
0.922325
0.105701
0.081606
0.994256
0.094833
0.001023
0.963488
0.992585
0.976309
0.689948
0.988708
0.267784
0.847145
0.471217
0.610921
0.085277
0.952131
0.871694
0.983252
0.612853
0.007334
0.049723
0.018880
0.977376
0.999047
0.957877
0.609444
0.040285
0.254177
0.943849
0.173762
0.726672
0.969574
0.998047
0.991433
0.095810
0.002133
0.801808
0.047007
0.008632
0.892546
0.234485
0.038778
0.433841
0.209079
0.425170
0.671790
0.916310
0.086764
0.108073
0.167386
0.985219
0.008704
0.045567
0.211265
0.046889
0.874131
0.469248
0.452922
0.313894
0.932928
0.044087
0.284730
0.223887
0.974479
0.897991
0.976098
0.007618
0.632149
0.013790
0.105180
0.205239
0.891511
0.004254
0.847506
0.999609
0.058705
0.998485
0.952529
0.124120
0.002098
0.403439
0.982217
0.989757
0.149746
0.011919
0.464843
0.168657
0.177901
0.485305
0.392490
0.157217
0.144497
0.066887
0.399949
0.600552
0.009961
0.170926
0.310462
0.971705
0.950561
0.685828
0.004865
0.020567
0.976987
0.379141
0.158194
0.011674
0.526058
0.928110
0.066565
0.873966
0.044009
0.042976
0.163054
0.792064
0.805326
0.297961
0.506392
0.942454
0.909662
0.004950
0.715150
0.009869
0.559848
0.954466
0.001389
0.364966
0.194004
0.025394
0.425852
0.944980
0.236416
0.987750
0.436309
0.427150
0.307872
0.666769
0.904217
0.844808
0.642862
0.992743
0.078378
0.181251
0.891501
0.377666
0.839298
0.510795
0.150461
0.290208
0.986538
0.190898
0.175705
0.270318
0.147913
0.915595
0.452334
0.327916
0.978352
0.117332
0.265636
0.979978
0.458104
0.987486
0.224243
0.144160
0.182687
0.372253
0.989278
0.399658
0.297921
0.216210
0.796215
0.434693
0.554971
0.258826
0.889440
0.614640
0.894917
0.998270
0.074354
0.164171
0.266442
0.451378
0.274674
0.987360
0.139300
0.990490
0.943093
0.998244
0.930129
0.027451
0.016819
0.870216
0.188716
0.631652
0.013767
0.995992
0.392800
0.981470
0.115769
0.909574
0.519611
0.080410
0.328641
0.391871
0.017524
0.916671
0.371240
0.551360
0.245035
0.301379
0.308248
0.332708
0.113005
0.692678
0.188626
0.994496
0.341013
0.862009
0.912239
0.919710
0.875689
0.154340
0.203178
0.728085
0.152148
0.998287
0.836555
0.007675
0.012978
0.872366
0.017812
0.081368
0.327630
0.559513
0.175175
0.871691
0.259405
0.646223
0.989937
0.306294
0.956738
0.098253
0.001265
0.248429
0.872993
0.004585
0.925629
0.298910
0.409303
0.941046
0.842085
0.309310
0.977914
0.020212
0.919591
0.833462
0.015964
0.026666
0.513733
0.868112
0.922367
0.013291
0.945049
0.497592
0.715778
0.063085
0.888519
0.126752
0.207492
0.071324
0.016772
0.868854
0.158195
0.959756
0.988317
0.253468
0.282867
0.080457
0.936174
0.090471
0.262950
0.140152
0.055509
0.527882
0.939176
0.791495
0.808938
0.384893
0.994676
0.882888
0.068998
0.994293
0.759601
0.338385
0.781506
0.936614
0.953115
0.006574
0.976778
0.973954
0.372700
0.393688
0.211429
0.592297
0.860105
0.286418
0.220077
0.152442
0.384226
0.122056
0.062294
0.192096
0.926515
0.934231
0.006362
0.955406
0.006700
0.213211
0.352798
0.000747
0.686392
0.134384
0.973024
0.479921
0.702495
0.302116
0.258457
0.002660
0.194448
0.148327
0.312384
0.974792
0.003006
0.977476
0.317964
0.966187
0.267218
0.233808
0.994660
0.056128
0.076165
0.131519
0.044592
0.914576
0.870840
0.697592
0.027091
0.952860
0.029060
0.165714
0.976851
0.107199
0.046565
0.399505
0.617342
0.075174
0.010467
0.971792
0.102988
0.996654
0.974701
0.017390
0.126760
0.023120
0.152571
0.937709
0.796126
0.091323
0.362699
0.382291
0.207596
0.891793
0.898470
0.945560
0.644630
0.140682
0.707260
0.415130
0.900849
0.171857
0.703558
0.957071
0.941462
0.418512
0.243786
0.190904
0.460628
0.205823
0.000985
0.862614
0.044212
0.032249
0.094291
0.098101
0.276353
0.672710
0.243218
0.158677
0.470088
0.051141
0.132857
0.071727
0.019317
0.913050
0.996550
0.808265
0.626259
0.004593
0.443378
0.906117
0.425809
0.004437
0.969460
0.147375
0.004708
0.253671
0.287963
0.260606
0.051344
0.876696
0.997046
0.972377
0.987267
0.288861
0.938640
0.545970
0.007930
0.054201
0.259731
0.031030
0.985615
0.131450
0.969719
0.979559
0.966283
0.010385
0.797140
0.960957
0.996935
0.002496
0.920657
0.240375
0.726315
0.241511
0.892823
0.934034
0.570724
0.182720
0.137235
0.121035
0.939147
0.415613
0.201449
0.506551
0.042537
0.987064
0.143933
0.166942
0.413068
0.990340
0.065932
0.031179
0.815146
0.996059
0.998901
0.815037
0.979545
0.443372
0.857672
0.299700
0.996281
0.320205
0.022351
0.125357
0.143196
0.952256
0.940323
0.621471
0.034712
0.261526
0.635064
0.833172
0.994197
0.088417
0.144019
0.024621
0.351548
0.030046
0.130877
0.890476
0.013480
0.845208
0.316006
0.995376
0.886603
0.984438
0.802744
0.662276
0.056469
0.151053
0.979147
0.208263
0.110759
0.008973
0.998750
0.629606
0.146410
0.916768
0.039352
0.147252
0.916304
0.054095
0.039183
0.016379
0.003497
0.782465
0.997951
0.993996
0.025158
0.318831
0.831040
0.977573
0.756164
0.037753
0.945666
0.641476
0.004764
0.020635
0.876685
0.495574
0.132778
0.917342
0.983236
0.409289
0.970798
0.049257
0.994247
0.980889
0.638057
0.918965
0.003239
0.725077
0.996792
0.013274
0.017517
0.898691
0.865289
0.396644
0.960583
0.061496
0.109295
0.215024
0.984456
0.554469
0.955794
0.614989
0.949844
0.258512
0.409055
0.938878
0.976528
0.134924
0.048831
0.951552
0.587802
0.987532
0.015319
0.969273
0.998973
0.264572
0.995927
0.369364
0.588743
0.655868
0.008761
0.462116
0.034207
0.905137
0.617378
0.987480
0.024283
0.826641
0.440475
0.672750
0.141940
0.012931
0.876282
0.056500
0.008957
0.269282
0.001294
0.714049
0.009992
0.707172
0.229282
0.189942
0.854593
0.705743
0.740567
0.994032
0.022840
0.504528
0.947988
0.965802
0.441577
0.007088
0.991895
0.175941
0.001379
0.770566
0.736497
0.980599
0.958292
0.798726
0.024440
0.961757
0.546725
0.730130
0.218975
0.990199
0.001252
0.875472
0.219777
0.767909
0.015317
0.055160
0.914660
0.681275
0.129091
0.516747
0.489249
0.257515
0.161498
0.992136
0.816953
0.081830
0.720111
0.729362
0.765968
0.481668
0.883040
0.445895
0.265815
0.004528
0.027029
0.318748
0.002135
0.090099
0.982312
0.953617
0.995663
0.193005
0.049830
0.699054
0.013013
0.258133
0.891118
0.193589
0.767422
0.054299
0.662299
0.280530
0.650783
0.721850
0.885830
0.877102
0.042799
0.935009
0.048607
0.209834
0.982618
0.005921
0.799934
0.713964
0.877209
0.984356
0.267421
0.976434
0.066568
0.350351
0.010341
0.888842
0.267977
0.007176
0.074868
0.019361
0.848614
0.086787
0.820814
0.646887
0.425955
0.444897
0.016406
0.011265
0.062167
0.005817
0.992427
0.038230
0.730650
0.115050
0.210209
0.043831
0.014080
0.983058
0.067488
0.870720
0.224446
0.016013
0.610254
0.182608
0.463917
0.898306
0.017458
0.089039
0.986557
0.775492
0.193017
0.057205
0.368264
0.027332
0.915672
0.996015
0.863089
0.409716
0.165316
0.998752
0.992826
0.096425
0.203116
0.012267
0.003960
0.074452
0.501582
0.988174
0.003236
0.161752
0.962077
0.650822
0.300606
0.899420
0.111298
0.127219
0.057529
0.314368
0.933159
0.309707
0.016197
0.270700
0.480355
0.824234
0.086998
0.023811
0.916026
0.603229
0.011652
0.025403
0.972243
0.056923
0.127992
0.020307
0.899954
0.687340
0.035201
0.750986
0.125845
0.166492
0.224967
0.421380
0.340084
0.991579
0.003966
0.346358
0.081219
0.204893
0.966536
0.494520
0.920078
0.801135
0.582453
0.889562
0.011899
0.135607
0.952979
0.998742
0.793063
0.933626
0.955327
0.227343
0.413836
0.931235
0.997741
0.143758
0.773462
0.314847
0.923064
0.841160
0.800277
0.001722
0.522560
0.159495
0.722507
0.156540
0.845155
0.831874
0.013399
0.713793
0.630825
0.042156
0.897543
0.041353
0.229297
0.207134
0.340319
0.543698
0.096165
0.212476
0.822900
0.939248
0.982647
0.013500
0.559338
0.005638
0.147842
0.003037
0.148879
0.906063
0.649954
0.641348
0.382314
0.032637
0.978752
0.552981
0.316615
0.453398
0.015740
0.153432
0.479445
0.004118
0.068216
0.545226
0.969070
0.191192
0.788121
0.515872
0.732618
0.494945
0.756230
0.189099
0.238298
0.738873
0.916700
0.004830
0.909147
0.452446
0.687915
0.154909
0.073890
0.402239
0.135987
0.228302
0.110569
0.142112
0.939080
0.224956
0.278036
0.738270
0.005422
0.959720
0.969645
0.400973
0.996980
0.280366
0.288109
0.982725
0.898002
0.805189
0.084473
0.414799
0.686893
0.233104
0.825426
0.832378
0.490123
0.727317
0.997423
0.522605
0.050104
0.988288
0.547625
0.028855
0.440487
0.230875
0.031912
0.993010
0.559866
0.014025
0.817862
0.130401
0.772616
0.678319
0.117084
0.882899
0.181507
0.065113
0.937343
0.222070
0.242744
0.903101
0.023446
0.903700
0.636446
0.907848
0.844199
0.109388
0.983091
0.564577
0.002170
0.245210
0.005703
0.360386
0.171494
0.971223
0.678048
0.016078
0.223124
0.867918
0.016079
0.451488
0.134770
0.980811
0.469799
0.068857
0.949833
0.176277
0.004188
0.649029
0.941217
0.218766
0.086701
0.567216
0.908105
0.217035
0.094326
0.982919
0.130863
0.694096
0.864255
0.005418
0.579872
0.416868
0.212177
0.172219
0.117252
0.395652
0.696572
0.919213
0.984931
0.942226
0.981472
0.048388
0.011276
0.997133
0.036134
0.146625
0.045552
0.236709
0.000461
0.043179
0.527280
0.041396
0.106779
0.977836
0.007880
0.045806
0.948258
0.089472
0.437119
0.864933
0.984854
0.026457
0.231187
0.412045
0.166114
0.245467
0.027704
0.362399
0.122143
0.010256
0.979191
0.010710
0.044106
0.991686
0.754820
0.070325
0.979943
0.501420
0.646023
0.815420
0.598885
0.029694
0.404203
0.316848
0.000870
0.007325
0.465094
0.842636
0.131470
0.075489
0.513707
0.009401
0.191056
0.027887
0.950093
0.866864
0.998768
0.586346
0.025484
0.706232
0.106748
0.898168
0.121040
0.870476
0.246634
0.003335
0.181673
0.756827
0.004396
0.557549
0.994235
0.906211
0.160401
0.686879
0.986758
0.860717
0.384977
0.224196
0.853212
0.976738
0.995252
0.047817
0.315563
0.905264
0.207969
0.370101
0.805501
0.998044
0.885268
0.953511
0.244509
0.241826
0.876546
0.011427
0.963978
0.193808
0.366130
0.033866
0.997772
0.822069
0.601902
0.997016
0.969070
0.989664
0.768828
0.974055
0.000137
0.621323
0.973706
0.066625
0.285333
0.279982
0.989038
0.953488
0.467770
0.959650
0.128604
0.179099
0.865938
0.786882
0.073400
0.309169
0.995699
0.864484
0.667121
0.054681
0.854503
0.090392
0.430206
0.424666
0.175842
0.004479
0.251204
0.086602
0.008694
0.841966
0.928641
0.123816
0.082823
0.016319
0.956886
0.468496
0.006600
0.231277
0.024557
0.986069
0.904878
0.738161
0.871258
0.555451
0.223004
0.448447
0.066723
0.213948
0.004732
0.900809
0.736225
0.150386
0.075623
0.008947
0.594855
0.604481
0.570341
0.952927
0.642782
0.154800
0.001402
0.287536
0.140456
0.068907
0.940019
0.709070
0.030241
0.599846
0.831653
0.987899
0.856779
0.110322
0.707181
0.118539
0.443497
0.562985
0.079860
0.418920
0.795831
0.318651
0.299341
0.951410
0.035588
0.847991
0.863159
0.199800
0.032266
0.906477
0.985755
0.978377
0.028678
0.981203
0.992105
0.107407
0.713010
0.003856
0.196789
0.159056
0.868682
0.707143
0.628336
0.610138
0.405534
0.763166
0.170060
0.140763
0.219479
0.868556
0.638282
0.617476
0.810555
0.894632
0.982770
0.344870
0.978405
0.538710
0.223461
0.303496
0.784691
0.090333
0.352857
0.028224
0.100148
0.357169
0.257432
0.895338
0.660987
0.431386
0.797341
0.191749
0.143961
0.288554
0.839662
0.188637
0.210324
0.479728
0.271815
0.210565
0.524569
0.832136
0.650132
0.269440
0.505904
0.333207
0.982454
0.344139
0.981474
0.051291
0.599502
0.045818
0.903501
0.150480
0.182348
0.035794
0.490236
0.942494
0.729053
0.996289
0.957015
0.063044
0.029573
0.348012
0.526837
0.731884
0.996379
0.931575
0.793095
0.075568
0.850812
0.229808
0.004583
0.003546
0.012671
0.949665
0.936942
0.962852
0.690829
0.080618
0.672801
0.074931
0.929393
0.553708
0.996882
0.852608
0.134615
0.009423
0.301450
0.990907
0.134931
0.523047
0.232304
0.151713
0.021151
0.970064
0.161770
0.999771
0.266669
0.298207
0.125368
0.167439
0.364632
0.120616
0.993948
0.015102
0.065830
0.730551
0.715005
0.998378
0.790621
0.015310
0.140152
0.380199
0.010157
0.894580
0.847893
0.005067
0.664313
0.137693
0.169246
0.149876
0.922933
0.095342
0.724631
0.464690
0.535781
0.300597
0.975155
0.622638
0.914333
0.949475
0.927169
0.992426
0.033707
0.024328
0.986220
0.286852
0.533001
0.975608
0.704995
0.982654
0.979747
0.394840
0.960845
0.013917
0.023206
0.457737
0.846695
0.474205
0.251477
0.070157
0.046450
0.021106
0.711559
0.842821
0.117006
0.991156
0.856711
0.275523
0.306190
0.021805
0.045802
0.867353
0.036822
0.963756
0.947489
0.069516
0.228446
0.981984
0.187398
0.378692
0.561255
0.884613
0.987271
0.235067
0.026716
0.088552
0.244721
0.691520
0.733773
0.989326
0.068410
0.075849
0.302496
0.995565
0.096989
0.158447
0.805693
0.015351
0.233997
0.920131
0.990584
0.770428
0.742968
0.251477
0.988407
0.958696
0.679913
0.036109
0.424934
0.929298
0.001587
0.484689
0.993695
0.773896
0.295828
0.015445
0.989967
0.014844
0.462668
0.041106
0.417178
0.915651
0.016534
0.056712
0.107515
0.776888
0.923577
0.470431
0.070620
0.985290
0.661439
0.880670
0.090398
0.019514
0.172343
0.567719
0.990209
0.210573
0.226832
0.975416
0.988038
0.024331
0.998077
0.996770
0.591718
0.972754
0.016340
0.684087
0.109397
0.034583
0.105709
0.429268
0.039764
0.316497
0.062900
0.971378
0.907712
0.307618
0.064794
0.660999
0.470657
0.002042
0.369174
0.341098
0.122980
0.139457
0.145414
0.415410
0.233440
0.002925
0.884019
0.809226
0.392674
0.075365
0.874652
0.974561
0.013551
0.998633
0.005278
0.550050
0.865940
0.206555
0.056550
0.246645
0.941227
0.898173
0.345608
0.170392
0.946041
0.613077
0.966821
0.627391
0.288041
0.998527
0.996893
0.558116
0.998369
0.780971
0.151587
0.067546
0.001040
0.066046
0.375101
0.143312
0.065842
0.954828
0.070110
0.988379
0.225170
0.178288
0.992986
0.295600
0.760759
0.103901
0.010278
0.086295
0.042904
0.148363
0.064821
0.795212
0.005644
0.996552
0.949881
0.122169
0.051235
0.178741
0.609159
0.984782
0.062868
0.193725
0.071786
0.988604
0.054322
0.155077
0.439371
0.104749
0.992215
0.964573
0.418917
0.897021
0.102585
0.278147
0.458812
0.576295
0.996974
0.993447
0.974921
0.965736
0.755897
0.209004
0.135024
0.969937
0.011533
0.040781
0.978162
0.763746
0.461726
0.900228
0.658860
0.016359
0.364707
0.999215
0.483731
0.247118
0.770218
0.046423
0.149396
0.279013
0.164972
0.692842
0.041988
0.889637
0.058411
0.063710
0.974453
0.217258
0.195334
0.182970
0.089132
0.444909
0.999754
0.195909
0.067210
0.643064
0.504421
0.433144
0.670454
0.003349
0.940652
0.161379
0.198307
0.898914
0.835247
0.586343
0.008010
0.002881
0.377165
0.561795
0.011405
0.411489
0.255019
0.203533
0.013612
0.439169
0.841732
0.567870
0.189914
0.030382
0.628604
0.892363
0.820695
0.853464
0.623047
0.956750
0.323882
0.941881
0.095807
0.908715
0.721693
0.015678
0.200064
0.191324
0.506815
0.546723
0.012889
0.611152
0.122370
0.675891
0.988778
0.463970
0.199414
0.361285
0.104787
0.433167
0.188855
0.578864
0.981633
0.019120
0.176175
0.966007
0.055274
0.633127
0.543884
0.997111
0.925415
0.057596
0.028768
0.849717
0.247264
0.075881
0.220540
0.997162
0.230966
0.006140
0.236589
0.114772
0.104397
0.241984
0.573327
0.891565
0.977365
0.903069
0.858874
0.773505
0.787048
0.968693
0.262798
0.058578
0.963760
0.486012
0.012471
0.134103
0.010079
0.812569
0.388353
0.233018
0.531150
0.727340
0.974914
0.903472
0.585761
0.015757
0.483969
0.949024
0.635933
0.985870
0.017135
0.151387
0.156426
0.499848
0.624142
0.440172
0.999861
0.008045
0.270448
0.078724
0.223491
0.010927
0.001002
0.639933
0.933090
0.050546
0.189294
0.396840
0.990435
0.971289
0.042950
0.002739
0.001162
0.033658
0.975650
0.295980
0.429000
0.963618
0.988958
0.144886
0.465316
0.830120
0.025119
0.641234
0.756121
0.252165
0.220342
0.246722
0.890307
0.755095
0.017143
0.211632
0.317684
0.293199
0.103363
0.924047
0.013938
0.089740
0.173850
0.825626
0.173850
0.433648
0.349495
0.926040
0.571797
0.087304
0.016464
0.720492
0.002813
0.952711
0.927047
0.884257
0.994352
0.027624
0.343763
0.030931
0.035398
0.479691
0.751874
0.240743
0.011212
0.666301
0.018314
0.024358
0.951979
0.242282
0.534423
0.004380
0.377212
0.618476
0.728884
0.311891
0.803524
0.979237
0.937526
0.357386
0.013941
0.101031
0.940564
0.965169
0.996613
0.031651
0.283683
0.648240
0.984527
0.143271
0.940171
0.032909
0.848427
0.976666
0.839820
0.002794
0.150142
0.897287
0.871534
0.386672
0.085149
0.403151
0.149943
0.962766
0.312489
0.034278
0.606409
0.032471
0.087933
0.983696
0.082913
0.119629
0.008495
0.811770
0.879760
0.424283
0.003612
0.397938
0.552969
0.700349
0.208934
0.732799
0.186681
0.029596
0.125579
0.002883
0.021696
0.203376
0.953095
0.749179
0.743466
0.112864
0.190087
0.237664
0.913922
0.355225
0.000897
0.103717
0.023615
0.254094
0.935923
0.009094
0.013280
0.894588
0.349557
0.012709
0.969325
0.192002
0.017305
0.296616
0.064771
0.304821
0.603935
0.071802
0.289320
0.811177
0.111580
0.912115
0.142715
0.998368
0.988317
0.094999
0.491731
0.965991
0.872068
0.600120
0.163736
0.329148
0.194204
0.966859
0.005830
0.014352
0.364056
0.033590
0.162367
0.014179
0.005122
0.103183
0.944283
0.079607
0.803427
0.771050
0.954988
0.137125
0.255028
0.918229
0.939770
0.906657
0.316707
0.894460
0.028500
0.108295
0.983537
0.994811
0.993533
0.989372
0.004741
0.234357
0.068903
0.027543
0.730235
0.019255
0.004867
0.156033
0.276598
0.871028
0.795611
0.003952
0.502117
0.819434
0.883482
0.127405
0.885544
0.672492
0.197072
0.013996
0.460694
0.534057
0.979249
0.041683
0.298065
0.085609
0.330955
0.981721
0.216640
0.972449
0.169556
0.259013
0.989480
0.992042
0.789938
0.248433
0.124652
0.112136
0.328981
0.135019
0.997957
0.097332
0.321602
0.856966
0.935164
0.072767
0.245206
0.195913
0.974161
0.967382
0.209000
0.038840
0.948257
0.973364
0.001346
0.695144
0.131841
0.969327
0.005817
0.823740
0.958553
0.960886
0.119214
0.010583
0.664379
0.976587
0.025224
0.209358
0.189226
0.618307
0.956154
0.530756
0.456439
0.259341
0.008705
0.051374
0.467883
0.175237
0.432603
0.318918
0.586478
0.355430
0.339275
0.975676
0.878359
0.745464
0.003859
0.995958
0.137563
0.885108
0.737427
0.962856
0.773691
0.058912
0.480551
0.072083
0.257334
0.010019
0.643739
0.029879
0.980217
0.530606
0.204639
0.917415
0.030836
0.914287
0.338997
0.749460
0.960582
0.994629
0.713235
0.028035
0.941913
0.991865
0.620525
0.002204
0.467335
0.873351
0.340531
0.122410
0.920988
0.859602
0.695952
0.830132
0.996635
0.936843
0.472560
0.006994
0.347124
0.737525
0.087520
0.450345
0.992377
0.654207
0.024740
0.983730
0.990648
0.145085
0.081188
0.253206
0.806410
0.200681
0.027183
0.965445
0.017532
0.809107
0.397327
0.951146
0.993716
0.709217
0.964129
0.000835
0.037420
0.935326
0.888474
0.105553
0.570827
0.251515
0.585168
0.954128
0.715403
0.936009
0.988831
0.149534
0.939290
0.692253
0.923960
0.585246
0.903471
0.207343
0.061468
0.006878
0.001836
0.128639
0.763388
0.381386
0.594615
0.838666
0.662669
0.107335
0.998087
0.149045
0.116419
0.939502
0.944181
0.207498
0.072150
0.086182
0.048953
0.943885
0.376085
0.986424
0.939414
0.370248
0.101124
0.586659
0.855071
0.232722
0.186675
0.802215
0.691009
0.016414
0.861794
0.961198
0.865979
0.079302
0.234436
0.130256
0.948812
0.222583
0.889070
0.833330
0.998079
0.961124
0.013257
0.861741
0.794897
0.815374
0.751092
0.559907
0.145533
0.020608
0.978690
0.951312
0.993053
0.228030
0.630863
0.927324
0.979933
0.028408
0.997697
0.001251
0.984942
0.026636
0.346215
0.651031
0.964496
0.981869
0.980972
0.250337
0.997156
0.964849
0.989899
0.638399
0.922818
0.819475
0.037953
0.763849
0.036866
0.909869
0.093194
0.128619
0.763557
0.092432
0.856790
0.024618
0.264849
0.993876
0.010130
0.061345
0.003449
0.304210
0.235127
0.134861
0.917726
0.940119
0.257106
0.995846
0.817436
0.997943
0.301248
0.355704
0.100238
0.917650
0.917246
0.044095
0.152241
0.735294
0.117644
0.037373
0.999437
0.998972
0.178348
0.032963
0.067348
0.007905
0.694815
0.147730
0.003591
0.085472
0.169026
0.253806
0.111009
0.864544
0.876861
0.335930
0.615534
0.636020
0.595481
0.545284
0.978420
0.341187
0.927993
0.050828
0.016299
0.512417
0.533818
0.984055
0.695791
0.993056
0.208453
0.234393
0.990027
0.914688
0.028687
0.201501
0.320976
0.966561
0.122849
0.402471
0.896154
0.984446
0.872245
0.817851
0.004668
0.969960
0.102665
0.717191
0.225059
0.090724
0.795615
0.134295
0.916891
0.122077
0.394613
0.005894
0.311909
0.252299
0.231105
0.006916
0.983941
0.716643
0.918297
0.023745
0.208117
0.012277
0.989616
0.345759
0.057504
0.076807
0.852176
0.871375
0.944602
0.970327
0.239777
0.315776
0.004768
0.548038
0.656676
0.181088
0.075613
0.147579
0.687818
0.026444
0.024124
0.005380
0.291641
0.113803
0.023879
0.664923
0.004877
0.599268
0.361580
0.946071
0.238245
0.215728
0.638319
0.019784
0.536312
0.004622
0.902336
0.405437
0.736376
0.889022
0.027858
0.332851
0.410003
0.997527
0.916412
0.076825
0.431352
0.621098
0.271589
0.923987
0.394098
0.121394
0.466740
0.966075
0.513860
0.283302
0.898525
0.111048
0.971150
0.762608
0.728800
0.750362
0.315478
0.208693
0.427975
0.986574
0.074224
0.287371
0.031067
0.269367
0.324779
0.797870
0.372161
0.987611
0.403829
0.243923
0.080816
0.163969
0.860694
0.387887
0.034687
0.101040
0.017753
0.693918
0.373611
0.356868
0.247683
0.980224
0.885059
0.596132
0.101776
0.328774
0.637630
0.154826
0.066263
0.982197
0.061740
0.017542
0.101102
0.047963
0.500523
0.491887
0.200678
0.448242
0.988422
0.979041
0.989163
0.007671
0.264795
0.057792
0.080653
0.293777
0.199710
0.987622
0.973724
0.281155
0.307990
0.988075
0.665565
0.846516
0.181139
0.255702
0.835351
0.002729
0.995843
0.194227
0.833385
0.344928
0.809125
0.950291
0.170445
0.050875
0.096388
0.965997
0.498317
0.981324
0.912144
0.985742
0.123502
0.928883
0.989273
0.920235
0.005020
0.030303
0.297693
0.918700
0.174924
0.968313
0.328525
0.003306
0.052065
0.075050
0.143080
0.966195
0.004661
0.151213
0.051506
0.310714
0.970316
0.099726
0.202338
0.986289
0.182978
0.168159
0.445904
0.058630
0.004657
0.854608
0.987840
0.010554
0.119809
0.362348
0.355858
0.216022
0.519992
0.040681
0.240717
0.273375
0.165697
0.471423
0.073475
0.033722
0.442777
0.333804
0.020654
0.129036
0.025829
0.754563
0.957585
0.434267
0.683601
0.664977
0.145825
0.388130
0.155362
0.008383
0.688499
0.975727
0.003749
0.930892
0.330710
0.338120
0.410214
0.488473
0.971129
0.330909
0.013760
0.690853
0.201468
0.760902
0.003150
0.311266
0.660769
0.927533
0.996895
0.474636
0.703593
0.400174
0.167442
0.513064
0.068062
0.025974
0.497033
0.357999
0.397486
0.645612
0.061643
0.279574
0.016431
0.277602
0.122926
0.147255
0.711768
0.013079
0.886510
0.078789
0.719644
0.010891
0.008552
0.568898
0.061300
0.296399
0.100330
0.049852
0.239849
0.330694
0.279516
0.775461
0.990120
0.367121
0.024811
0.920307
0.919453
0.002633
0.151736
0.799791
0.286537
0.487818
0.055389
0.372882
0.152974
0.068101
0.006226
0.055754
0.217253
0.958669
0.988157
0.231076
0.799122
0.658126
0.968978
0.019474
0.070708
0.930684
0.021473
0.383632
0.421572
0.997873
0.234317
0.153321
0.203626
0.528833
0.996767
0.756130
0.934580
0.922824
0.955101
0.015796
0.386127
0.002224
0.475501
0.116459
0.042527
0.677261
0.416657
0.012381
0.921705
0.318731
0.264335
0.221057
0.371189
0.970506
0.163962
0.851461
0.110129
0.543867
0.826787
0.642040
0.070475
0.884570
0.998448
0.194781
0.464409
0.977389
0.824057
0.942061
0.003212
0.902685
0.195255
0.999639
0.858410
0.273837
0.986655
0.000854
0.985626
0.237243
0.015213
0.973535
0.412439
0.039596
0.404791
0.009681
0.038606
0.792764
0.010880
0.004293
0.795531
0.064500
0.979843
0.984665
0.947512
0.125918
0.059528
0.006630
0.129888
0.373029
0.932611
0.731913
0.962525
0.473806
0.984314
0.056373
0.411291
0.334002
0.992819
0.875407
0.025348
0.995938
0.981697
0.850141
0.244105
0.252875
0.560669
0.474447
0.016636
0.153722
0.070897
0.002359
0.325797
0.261777
0.877187
0.063603
0.017446
0.121104
0.162001
0.943964
0.938612
0.010926
0.001456
0.521360
0.981676
0.196145
0.497717
0.382111
0.187886
0.712250
0.256267
0.542143
0.003543
0.985838
0.988977
0.983545
0.332173
0.286699
0.661898
0.522610
0.920072
0.080776
0.167065
0.017750
0.871349
0.354204
0.013793
0.262900
0.718851
0.452226
0.012965
0.179412
0.064202
0.064396
0.098004
0.337165
0.975776
0.021031
0.230639
0.088409
0.909075
0.014237
0.010308
0.102989
0.825392
0.859521
0.994383
0.266763
0.011872
0.092970
0.114931
0.933836
0.157062
0.871186
0.025481
0.285532
0.637415
0.622641
0.051738
0.730539
0.101574
0.889537
0.986343
0.102573
0.543265
0.049115
0.908468
0.798934
0.978939
0.038982
0.975529
0.678038
0.836726
0.827515
0.772417
0.000803
0.056631
0.849968
0.322434
0.401508
0.029960
0.940417
0.001991
0.916558
0.978932
0.341826
0.204802
0.360856
0.198313
0.710564
0.858519
0.870668
0.421145
0.314890
0.707711
0.969995
0.357619
0.007817
0.998648
0.997541
0.611186
0.931221
0.025431
0.359167
0.161115
0.034555
0.590605
0.278952
0.964728
0.142642
0.041355
0.301767
0.003969
0.941454
0.477532
0.022508
0.497800
0.475328
0.658178
0.011965
0.616078
0.050298
0.016412
0.675617
0.419221
0.541113
0.753530
0.733915
0.061975
0.149537
0.959590
0.952863
0.134933
0.129610
0.112218
0.792490
0.010169
0.020579
0.626148
0.119612
0.884821
0.000465
0.221419
0.654104
0.899867
0.353970
0.995553
0.004296
0.383347
0.963959
0.036885
0.022015
0.696549
0.299092
0.550458
0.315534
0.341216
0.466338
0.021090
0.084646
0.205807
0.295416
0.971617
0.800970
0.119854
0.863164
0.001961
0.641312
0.157740
0.550463
0.894309
0.998434
0.090248
0.019843
0.298669
0.205251
0.238430
0.689268
0.957035
0.004591
0.104042
0.467292
0.285361
0.686636
0.946499
0.217409
0.997047
0.740059
0.613834
0.960808
0.984228
0.988439
0.410605
0.004878
0.109581
0.014557
0.032987
0.109439
0.121605
0.862578
0.252905
0.933209
0.984664
0.100418
0.919906
0.060477
0.279549
0.648382
0.351377
0.327927
0.990890
0.827064
0.997562
0.448254
0.032571
0.655385
0.680964
0.454688
0.163811
0.966243
0.293753
0.931450
0.789454
0.150146
0.119403
0.181424
0.939286
0.703850
0.997191
0.722335
0.950910
0.032177
0.454293
0.025197
0.062709
0.935934
0.093244
0.016427
0.048581
0.729488
0.214438
0.239683
0.061793
0.973993
0.084758
0.448184
0.021286
0.035792
0.221452
0.040864
0.472979
0.576573
0.994516
0.388660
0.040666
0.081838
0.250092
0.875082
0.558731
0.848204
0.004962
0.004175
0.512479
0.027809
0.887426
0.093107
0.594825
0.311644
0.015453
0.521314
0.007096
0.469464
0.004315
0.138832
0.926908
0.978246
0.891872
0.737774
0.008642
0.013837
0.911144
0.731232
0.986329
0.947128
0.515773
0.150934
0.972510
0.065941
0.948556
0.814775
0.202647
0.068851
0.986136
0.586151
0.970645
0.920985
0.982493
0.018478
0.828948
0.016122
0.310670
0.569628
0.122576
0.168399
0.450851
0.074905
0.513326
0.318424
0.987803
0.876740
0.992907
0.135114
0.954019
0.573960
0.130887
0.068998
0.985939
0.087645
0.158778
0.001182
0.693322
0.906358
0.492115
0.024723
0.379383
0.865478
0.550123
0.997323
0.991188
0.019036
0.387040
0.001479
0.963227
0.368197
0.044801
0.503831
0.695580
0.006375
0.975971
0.198447
0.901550
0.036823
0.008756
0.830778
0.293596
0.985919
0.015294
0.970802
0.955511
0.999714
0.367309
0.001522
0.902297
0.966994
0.001504
0.213167
0.974813
0.019570
0.866184
0.288152
0.145528
0.170418
0.253175
0.221818
0.418184
0.176718
0.762076
0.006159
0.326562
0.982892
0.015886
0.714631
0.003577
0.955150
0.962989
0.245423
0.992382
0.837078
0.017506
0.946301
0.846623
0.105632
0.960974
0.210113
0.077060
0.072558
0.968277
0.405406
0.829086
0.881043
0.016432
0.980946
0.802726
0.187156
0.840505
0.010500
0.149754
0.920732
0.091084
0.081920
0.067502
0.330062
0.972484
0.976865
0.140682
0.550184
0.427763
0.219186
0.008806
0.661988
0.089325
0.008660
0.030559
0.009118
0.014083
0.608379
0.672637
0.574746
0.002153
0.926953
0.952047
0.787608
0.974679
0.956227
0.676276
0.134383
0.344055
0.965817
0.006975
0.297049
0.161931
0.799170
0.001823
0.984643
0.975050
0.036865
0.977898
0.108968
0.069847
0.008602
0.973415
0.954820
0.954940
0.097978
0.387698
0.212118
0.490740
0.675294
0.990794
0.813328
0.637051
0.837411
0.017279
0.029281
0.084118
0.705902
0.280577
0.018802
0.020191
0.017051
0.572466
0.586539
0.019294
0.180153
0.304394
0.875752
0.956881
0.519381
0.139914
0.980882
0.966591
0.910562
0.020510
0.485286
0.580771
0.484019
0.766247
0.957723
0.434277
0.989217
0.006717
0.048164
0.441442
0.530121
0.363046
0.326366
0.005768
0.218121
0.373412
0.449085
0.785855
0.400252
0.665793
0.013672
0.580487
0.327073
0.058830
0.902583
0.835321
0.428174
0.027032
0.005017
0.049883
0.163942
0.308692
0.426705
0.010750
0.770694
0.123764
0.046860
0.962507
0.898385
0.073531
0.020798
0.010478
0.034832
0.993510
0.876258
0.640993
0.049295
0.464995
0.288855
0.656585
0.775521
0.817155
0.073527
0.944447
0.947245
0.698006
0.024264
0.893552
0.016939
0.558618
0.978240
0.006490
0.075282
0.927159
0.475270
0.028367
0.090855
0.039376
0.535602
0.086642
0.343646
0.512306
0.593664
0.988423
0.934176
0.925024
0.996803
0.292418
0.948294
0.751778
0.775418
0.366680
0.005426
0.374784
0.433865
0.316986
0.143948
0.281121
0.145206
0.412456
0.006774
0.006830
0.944642
0.698491
0.869279
0.685537
0.800879
0.088358
0.100428
0.121723
0.951994
0.007380
0.084565
0.983113
0.240611
0.962669
0.966902
0.898110
0.711127
0.027215
0.091339
0.898134
0.779539
0.839802
0.866373
0.900950
0.276110
0.938640
0.048374
0.219979
0.003361
0.006269
0.992636
0.190851
0.041141
0.062568
0.107634
0.986299
0.965759
0.008027
0.164293
0.195844
0.895910
0.525704
0.614821
0.901838
0.291482
0.337806
0.032124
0.579596
0.919973
0.923162
0.854777
0.019445
0.977721
0.989768
0.274320
0.181680
0.312289
0.118528
0.354761
0.900609
0.660408
0.652539
0.480566
0.699352
0.391925
0.854317
0.013758
0.001208
0.272151
0.052399
0.130070
0.916398
0.144338
0.005841
0.923080
0.983106
0.382504
0.243997
0.006056
0.096570
0.324774
0.091132
0.952739
0.954533
0.076567
0.981615
0.052385
0.137109
0.307665
0.010746
0.118535
0.237259
0.795803
0.979339
0.473896
0.675307
0.083307
0.767687
0.742992
0.031462
0.010326
0.981072
0.584924
0.040297
0.853953
0.739220
0.414481
0.350036
0.963951
0.023617
0.169221
0.974733
0.179257
0.825885
0.930519
0.383374
0.980844
0.069248
0.861368
0.262157
0.990831
0.668749
0.999776
0.086969
0.077102
0.173588
0.001241
0.318862
0.397850
0.826461
0.917255
0.171334
0.456257
0.006239
0.975833
0.111765
0.538198
0.982794
0.027772
0.053788
0.017424
0.682342
0.751050
0.005380
0.136731
0.981213
0.021237
0.990069
0.998641
0.184823
0.993275
0.077643
0.981689
0.987348
0.411086
0.866960
0.718449
0.668216
0.641608
0.215549
0.979420
0.925074
0.971686
0.899275
0.098514
0.756252
0.299985
0.263998
0.690721
0.166324
0.253453
0.553695
0.054018
0.009395
0.913392
0.873024
0.978803
0.506149
0.002002
0.793448
0.989339
0.982625
0.613131
0.263691
0.929062
0.630259
0.392207
0.441474
0.982443
0.324443
0.728844
0.071894
0.839467
0.989333
0.822266
0.956520
0.974717
0.115752
0.192104
0.350549
0.192196
0.936414
0.746715
0.956534
0.494820
0.959513
0.093060
0.962194
0.126371
0.182890
0.457860
0.688767
0.237993
0.974298
0.988692
0.997920
0.938123
0.290544
0.016150
0.413884
0.946743
0.982828
0.752735
0.744778
0.995061
0.955821
0.392894
0.051191
0.005289
0.012521
0.083278
0.088215
0.954459
0.057765
0.056780
0.370793
0.791794
0.125583
0.908693
0.093386
0.723986
0.222290
0.727192
0.479822
0.925123
0.194619
0.106354
0.222043
0.079059
0.463783
0.246624
0.590239
0.725222
0.509429
0.251884
0.165530
0.670906
0.020990
0.552120
0.770865
0.979596
0.011500
0.811287
0.118750
0.000358
0.010516
0.657558
0.000499
0.654024
0.065580
0.443352
0.345484
0.377093
0.970588
0.354911
0.816015
0.015459
0.363408
0.189900
0.975262
0.782917
0.751259
0.400269
0.758688
0.891173
0.036481
0.861151
0.455258
0.252622
0.726008
0.016718
0.029759
0.425856
0.369110
0.004606
0.056288
0.759627
0.966996
0.952086
0.834287
0.242781
0.076144
0.999290
0.021846
0.097502
0.686832
0.826076
0.966641
0.024302
0.708739
0.650271
0.984663
0.993786
0.635783
0.145384
0.920443
0.231119
0.774917
0.171846
0.097100
0.932657
0.184717
0.979437
0.063329
0.756612
0.929567
0.054872
0.986874
0.422295
0.998351
0.477191
0.873305
0.135842
0.999354
0.289280
0.942574
0.779204
0.334188
0.080438
0.852715
0.089238
0.918171
0.003677
0.064316
0.409085
0.434969
0.475383
0.365994
0.975135
0.886921
0.048200
0.159752
0.985079
0.001727
0.512405
0.933681
0.404144
0.945201
0.173180
0.160021
0.130924
0.801770
0.071764
0.153366
0.036696
0.285128
0.352530
0.952545
0.112689
0.892389
0.014105
0.305254
0.092886
0.743977
0.086113
0.158540
0.797924
0.936198
0.516585
0.924651
0.844386
0.046289
0.367965
0.585630
0.990625
0.633790
0.117191
0.994659
0.033761
0.976132
0.308637
0.002424
0.985512
0.635315
0.754938
0.201657
0.658681
0.325909
0.193877
0.002035
0.921834
0.999436
0.985159
0.484037
0.079759
0.020953
0.282207
0.242328
0.982636
0.428576
0.870844
0.438954
0.062440
0.039315
0.186929
0.809181
0.995040
0.054432
0.429462
0.883004
0.011592
0.778701
0.006551
0.016394
0.647478
0.032696
0.016892
0.921884
0.002595
0.002689
0.646733
0.965852
0.979469
0.957970
0.183822
0.524580
0.065981
0.134379
0.331749
0.157047
0.918855
0.755012
0.990950
0.901518
0.173991
0.004940
0.765825
0.026247
0.944670
0.723434
0.270326
0.869238
0.257403
0.050798
0.000858
0.015588
0.294715
0.113446
0.137543
0.943727
0.126691
0.657922
0.042875
0.562998
0.886671
0.979488
0.867387
0.361266
0.069748
0.003894
0.996301
0.130816
0.925939
0.216224
0.413711
0.913311
0.307920
0.763736
0.565045
0.246764
0.918870
0.103028
0.945422
0.360387
0.957432
0.280825
0.019818
0.170734
0.996793
0.922659
0.047484
0.945816
0.204550
0.519778
0.498981
0.762054
0.152902
0.690919
0.191857
0.933782
0.996691
0.531262
0.768988
0.302352
0.788117
0.997118
0.444275
0.484261
0.384442
0.969226
0.075876
0.140399
0.960559
0.165055
0.974997
0.978567
0.483850
0.779075
0.401348
0.047453
0.375381
0.048500
0.905381
0.977992
0.989277
0.921698
0.835396
0.040482
0.754584
0.041522
0.994059
0.995038
0.005882
0.280255
0.994703
0.985280
0.534613
0.946188
0.939528
0.920531
0.996035
0.872576
0.022141
0.007433
0.124333
0.035804
0.842245
0.297105
0.928894
0.246401
0.941156
0.044116
0.924385
0.911357
0.898790
0.059459
0.094878
0.993972
0.019427
0.021711
0.099989
0.555475
0.007996
0.196259
0.012745
0.262717
0.015012
0.032565
0.902393
0.977738
0.932123
0.055120
0.426450
0.059295
0.116160
0.834041
0.984519
0.010625
0.715546
0.668869
0.531457
0.275428
0.294092
0.016721
0.137714
0.983973
0.938406
0.338875
0.223230
0.717197
0.901411
0.761783
0.071562
0.999470
0.650012
0.770297
0.385968
0.264868
0.222040
0.671277
0.244146
0.966525
0.057831
0.023931
0.553096
0.036943
0.948787
0.043407
0.992105
0.681611
0.564314
0.262730
0.942514
0.951831
0.867479
0.800395
0.951222
0.042001
0.052364
0.998266
0.604192
0.235347
0.977617
0.225565
0.959913
0.925737
0.011956
0.968378
0.970934
0.161223
0.693625
0.454545
0.328368
0.113465
0.010405
0.877753
0.047844
0.013573
0.004283
0.251964
0.864102
0.961005
0.202981
0.004723
0.793570
0.991894
0.991634
0.751883
0.339231
0.999303
0.319187
0.578293
0.034315
0.805894
0.351938
0.013172
0.570493
0.101806
0.389855
0.279915
0.123275
0.457918
0.123898
0.956308
0.150759
0.876370
0.297280
0.172902
0.857723
0.232126
0.848651
0.109712
0.156219
0.814259
0.938144
0.274755
0.878883
0.989750
0.000435
0.089825
0.143831
0.129564
0.092018
0.016120
0.517354
0.888190
0.483201
0.807279
0.942056
0.992150
0.015706
0.304034
0.874193
0.274184
0.338435
0.943068
0.998099
0.949952
0.284295
0.727392
0.047412
0.044686
0.926916
0.953504
0.306124
0.962974
0.809599
0.134554
0.758350
0.191026
0.020386
0.637260
0.358878
0.996155
0.835097
0.021424
0.065100
0.051819
0.992439
0.361733
0.996010
0.039467
0.993453
0.997856
0.541625
0.997758
0.014573
0.434313
0.237562
0.812010
0.796646
0.976150
0.864881
0.206142
0.955329
0.011157
0.017850
0.262701
0.377068
0.141517
0.023097
0.327793
0.229742
0.015443
0.075053
0.021172
0.910021
0.175815
0.749294
0.996614
0.727879
0.009181
0.965494
0.001897
0.354540
0.669419
0.951727
0.396623
0.538172
0.590340
0.517514
0.869361
0.430768
0.019107
0.137724
0.968014
0.156176
0.926562
0.068159
0.488908
0.337116
0.081351
0.563160
0.980887
0.537938
0.011092
0.166668
0.964707
0.962323
0.487136
0.006139
0.402994
0.972242
0.079400
0.376267
0.973709
0.826730
0.389449
0.982082
0.374780
0.545213
0.076505
0.915489
0.017971
0.088804
0.764920
0.004138
0.895007
0.006459
0.601737
0.325138
0.995916
0.094584
0.065322
0.040490
0.193726
0.962744
0.873439
0.331046
0.815204
0.098071
0.036024
0.794239
0.594996
0.804869
0.047239
0.278776
0.679159
0.181820
0.979628
0.990702
0.054874
0.390230
0.966471
0.001469
0.848488
0.186178
0.540694
0.884958
0.818009
0.916946
0.907476
0.041606
0.093423
0.519866
0.311813
0.943457
0.998151
0.000232
0.031491
0.048424
0.962114
0.633784
0.541428
0.358978
0.204692
0.078783
0.118323
0.083378
0.588379
0.965721
0.014793
0.011185
0.057185
0.338417
0.994994
0.128702
0.034387
0.013833
0.048771
0.015466
0.862884
0.238809
0.962080
0.116103
0.137032
0.353615
0.578949
0.529084
0.889996
0.827241
0.975202
0.013008
0.959287
0.384398
0.999286
0.197717
0.895362
0.264908
0.197587
0.903040
0.476656
0.053388
0.924750
0.032528
0.057232
0.152072
0.962515
0.241334
0.228069
0.062724
0.058018
0.990950
0.994235
0.134996
0.272947
0.906908
0.504093
0.518863
0.938255
0.157039
0.101079
0.133821
0.413550
0.963661
0.331931
0.250316
0.230159
0.910194
0.934956
0.506828
0.734273
0.625914
0.777169
0.353695
0.318523
0.002016
0.630784
0.240025
0.966144
0.138190
0.345062
0.625733
0.868106
0.203417
0.994056
0.908868
0.098937
0.044256
0.117986
0.459447
0.717059
0.993734
0.027634
0.997051
0.636190
0.093597
0.189222
0.990264
0.548207
0.024309
0.172571
0.340821
0.019171
0.965874
0.055886
0.047505
0.448682
0.951762
0.108116
0.267313
0.742169
0.297210
0.825028
0.000853
0.568798
0.953136
0.980279
0.469252
0.977154
0.678987
0.142418
0.807307
0.541669
0.988618
0.308162
0.549810
0.802785
0.637491
0.039095
0.498905
0.007642
0.192748
0.536006
0.352910
0.977323
0.069488
0.965454
0.320011
0.035205
0.045445
0.496835
0.367530
0.073554
0.738661
0.610475
0.981667
0.006862
0.312284
0.746232
0.996993
0.359753
0.816819
0.058465
0.061305
0.790887
0.007041
0.014393
0.356539
0.962007
0.020887
0.060239
0.898655
0.003291
0.511999
0.728168
0.457798
0.024338
0.259499
0.088435
0.781577
0.802476
0.082380
0.268039
0.053287
0.099225
0.986030
0.032658
0.408216
0.993455
0.990049
0.869220
0.911303
0.823785
0.914636
0.150036
0.174077
0.503161
0.245138
0.006312
0.936503
0.963069
0.477057
0.064355
0.290586
0.961209
0.121716
0.900999
0.216177
0.106029
0.744492
0.096954
0.409501
0.699779
0.968671
0.037278
0.765297
0.142703
0.817587
0.047381
0.051101
0.056792
0.459301
0.017634
0.703848
0.702964
0.019770
0.020314
0.262157
0.766814
0.568296
0.654452
0.529649
0.763472
0.870446
0.814927
0.994983
0.979566
0.016503
0.001079
0.980008
0.986999
0.439008
0.341661
0.267168
0.131054
0.820720
0.005279
0.024203
0.886028
0.887888
0.958384
0.202437
0.016615
0.511897
0.825016
0.869070
0.958333
0.538902
0.313056
0.018085
0.011912
0.955883
0.342761
0.088734
0.803606
0.082886
0.012257
0.008568
0.440969
0.196574
0.960692
0.995677
0.059467
0.690968
0.957219
0.062312
0.000345
0.802794
0.025936
0.372492
0.993233
0.063514
0.270752
0.142705
0.881007
0.827220
0.197424
0.491731
0.802084
0.244925
0.005795
0.848226
0.834541
0.701569
0.952584
0.911019
0.982767
0.156378
0.729207
0.628698
0.522997
0.989866
0.590118
0.574471
0.348644
0.949062
0.027270
0.548552
0.781834
0.446055
0.920933
0.098380
0.395253
0.913737
0.701120
0.207924
0.575155
0.359034
0.837869
0.227135
0.889513
0.275360
0.144844
0.018498
0.039421
0.941279
0.307151
0.982617
0.196659
0.439716
0.080136
0.277762
0.109939
0.243391
0.002930
0.029370
0.968438
0.794294
0.639988
0.974048
0.018904
0.967365
0.451429
0.987673
0.264274
0.123248
0.004473
0.043774
0.976852
0.525517
0.833284
0.341873
0.003818
0.595067
0.000529
0.243894
0.961150
0.945770
0.283846
0.875034
0.700247
0.020441
0.951091
0.151947
0.555042
0.889075
0.013638
0.122848
0.889443
0.783554
0.992548
0.141128
0.974205
0.355419
0.482534
0.388873
0.799980
0.861870
0.995865
0.849837
0.516513
0.153621
0.431249
0.829343
0.188328
0.197395
0.279639
0.852872
0.920154
0.516907
0.981351
0.039558
0.632553
0.973021
0.884975
0.053472
0.998218
0.033963
0.940796
0.209590
0.637477
0.848548
0.599228
0.701970
0.003820
0.687208
0.658446
0.009848
0.095379
0.014372
0.006447
0.130987
0.971554
0.993142
0.402912
0.163835
0.043799
0.136072
0.155512
0.017574
0.290396
0.040944
0.774803
0.647486
0.761794
0.462864
0.002866
0.772520
0.986477
0.365835
0.082601
0.219027
0.994260
0.381386
0.556753
0.640311
0.064870
0.776027
0.994163
0.719723
0.497030
0.895070
0.440184
0.431139
0.045642
0.120553
0.012861
0.158140
0.001130
0.741311
0.065936
0.756912
0.020333
0.318841
0.938273
0.000582
0.984997
0.337054
0.933937
0.131727
0.480125
0.011422
0.810522
0.204934
0.883859
0.076122
0.010874
0.000552
0.149166
0.950871
0.935042
0.339448
0.018773
0.995630
0.809621
0.991237
0.576977
0.356338
0.002908
0.991906
0.552129
0.001467
0.685905
0.006304
0.851512
0.803214
0.225998
0.613839
0.981545
0.799516
0.070136
0.990989
0.137548
0.102746
0.628449
0.418155
0.933090
0.895737
0.661249
0.323157
0.043510
0.803295
0.852881
0.246797
0.791312
0.653236
0.043863
0.965638
0.074021
0.670645
0.858584
0.888896
0.032899
0.169820
0.011014
0.019973
0.096527
0.196742
0.031393
0.365459
0.331212
0.005514
0.106196
0.993396
0.113810
0.974867
0.059819
0.128904
0.183597
0.007502
0.078578
0.435669
0.784215
0.599130
0.225083
0.382587
0.268720
0.410003
0.179351
0.101935
0.979029
0.026418
0.964296
0.275205
0.040523
0.930443
0.922596
0.028223
0.950037
0.965413
0.575853
0.219656
0.020036
0.470688
0.142816
0.053495
0.010907
0.167198
0.761087
0.692755
0.310369
0.078139
0.083639
0.947273
0.572989
0.990325
0.438783
0.780005
0.006985
0.226098
0.507373
0.638068
0.013989
0.859582
0.063504
0.897398
0.996247
0.278996
0.151354
0.994803
0.001384
0.000685
0.741918
0.983187
0.964779
0.932888
0.401689
0.025306
0.003299
0.908637
0.294209
0.001970
0.616072
0.027550
0.003208
0.128167
0.072530
0.003164
0.829678
0.022806
0.937312
0.135831
0.179450
0.513664
0.832591
0.967706
0.893038
0.553124
0.985977
0.993078
0.250732
0.083047
0.958529
0.883197
0.995052
0.371216
0.818849
0.527602
0.180840
0.070576
0.905081
0.042728
0.290455
0.060129
0.070696
0.893325
0.408458
0.978137
0.900655
0.360567
0.021031
0.958939
0.052754
0.514592
0.456447
0.988929
0.124595
0.002982
0.357124
0.902875
0.254953
0.508597
0.213809
0.000308
0.645962
0.040754
0.052323
0.621804
0.602830
0.286597
0.249277
0.262266
0.446737
0.846474
0.107073
0.417236
0.890881
0.856187
0.420600
0.003237
0.760748
0.305750
0.981001
0.590361
0.911355
0.566013
0.022993
0.190858
0.970656
0.118073
0.887778
0.030140
0.972586
0.564059
0.669384
0.839565
0.291379
0.032132
0.143181
0.249967
0.001738
0.963953
0.612006
0.616161
0.565502
0.747693
0.914976
0.043201
0.736971
0.452359
0.848089
0.007152
0.985127
0.103594
0.990027
0.263241
0.016606
0.979247
0.029695
0.846388
0.466581
0.414085
0.694880
0.927662
0.420771
0.215835
0.035710
0.090567
0.159342
0.995435
0.853046
0.752054
0.011508
0.055398
0.403192
0.495585
0.840649
0.001040
0.069061
0.715832
0.670867
0.652632
0.489531
0.885134
0.982564
0.773917
0.417768
0.736951
0.230986
0.776321
0.988664
0.149376
0.418492
0.289467
0.180301
0.988617
0.111445
0.671199
0.693460
0.052145
0.708403
0.042288
0.113801
0.995586
0.941291
0.277515
0.831335
0.994003
0.659954
0.003486
0.992295
0.010897
0.032689
0.811133
0.878867
0.996422
0.389989
0.050671
0.082213
0.161202
0.051172
0.810821
0.357564
0.455315
0.093248
0.011987
0.353550
0.854097
0.990186
0.880131
0.410176
0.025030
0.277786
0.976167
0.176486
0.094088
0.001661
0.500601
0.973813
0.001360
0.990337
0.622645
0.130358
0.052759
0.244141
0.202117
0.881640
0.978476
0.076308
0.224175
0.856457
0.982731
0.306361
0.257022
0.991632
0.061330
0.708875
0.117251
0.035893
0.079075
0.944486
0.408364
0.097341
0.049746
0.239630
0.994395
0.807824
0.138363
0.060929
0.074900
0.006058
0.294059
0.987815
0.515426
0.202235
0.746394
0.006887
0.009590
0.894036
0.003494
0.217863
0.126583
0.599489
0.006200
0.245740
0.004646
0.977750
0.063268
0.139757
0.877036
0.196119
0.742627
0.989352
0.182366
0.317058
0.108432
0.399173
0.980473
0.040276
0.830484
0.992516
0.496776
0.791907
0.063230
0.977261
0.208886
0.012962
0.305369
0.547322
0.590003
0.132043
0.969175
0.005909
0.043004
0.284401
0.365980
0.051820
0.431173
0.757657
0.107512
0.607405
0.645040
0.979276
0.762199
0.862083
0.284681
0.815556
0.117531
0.186572
0.342042
0.528333
0.095212
0.586016
0.186871
0.366293
0.986500
0.331666
0.767512
0.692681
0.052809
0.977777
0.335726
0.024071
0.273119
0.995569
0.853747
0.840261
0.607828
0.330141
0.105164
0.002746
0.056146
0.808941
0.013823
0.937009
0.951863
0.927284
0.993297
0.452494
0.301213
0.746840
0.913518
0.997535
0.999325
0.035960
0.422497
0.930064
0.004109
0.766419
0.013466
0.015641
0.010539
0.905371
0.139141
0.132640
0.091266
0.015717
0.055101
0.588958
0.983052
0.949901
0.943654
0.271616
0.059409
0.308099
0.209097
0.050903
0.930845
0.815101
0.970512
0.544469
0.989617
0.431718
0.973607
0.094023
0.986633
0.944116
0.471971
0.353049
0.080789
0.056658
0.346206
0.947343
0.234774
0.108533
0.006943
0.906694
0.974597
0.801510
0.940904
0.400352
0.420624
0.789282
0.405509
0.939457
0.066437
0.155773
0.598022
0.931425
0.954310
0.015443
0.719598
0.291721
0.553746
0.013587
0.953839
0.003233
0.010802
0.339039
0.053072
0.621026
0.691400
0.173435
0.089717
0.224393
0.959327
0.185620
0.736678
0.020584
0.740965
0.378088
0.576889
0.201009
0.008629
0.085284
0.110118
0.919135
0.031395
0.929400
0.822809
0.906899
0.119165
0.770843
0.362305
0.158183
0.621851
0.286220
0.843609
0.733120
0.899023
0.787128
0.454064
0.853577
0.003524
0.070025
0.067758
0.381831
0.072856
0.114002
0.053607
0.820209
0.966484
0.032284
0.108487
0.511964
0.299507
0.753511
0.951185
0.009011
0.002219
0.141128
0.473834
0.793956
0.169261
0.573561
0.253017
0.187754
0.464857
0.969331
0.047224
0.991838
0.350035
0.677860
0.025335
0.955681
0.871778
0.842181
0.003165
0.920208
0.327160
0.784002
0.966766
0.872212
0.563162
0.552898
0.269031
0.882458
0.011372
0.900464
0.053416
0.926078
0.715275
0.009047
0.212177
0.963104
0.007213
0.079306
0.327412
0.047186
0.287819
0.027359
0.989331
0.745970
0.287609
0.016918
0.980558
0.103437
0.924991
0.700843
0.729414
0.872297
0.977687
0.894674
0.978542
0.890567
0.995747
0.817654
0.041312
0.612125
0.905707
0.980115
0.223521
0.147074
0.369835
0.092048
0.308322
0.099787
0.005089
0.802790
0.502635
0.015732
0.449493
0.024989
0.084786
0.161119
0.176707
0.034351
0.207356
0.990375
0.258996
0.048091
0.990226
0.926168
0.794058
0.066622
0.989695
0.975581
0.003644
0.955436
0.016456
0.723602
0.636506
0.062976
0.512678
0.229207
0.970993
0.253647
0.029907
0.100568
0.815960
0.933588
0.671731
0.251943
0.994530
0.432722
0.493234
0.180958
0.235179
0.157679
0.454096
0.163179
0.962635
0.325431
0.033171
0.682254
0.883582
0.791879
0.003719
0.690851
0.271647
0.144688
0.107827
0.069284
0.208913
0.885861
0.413203
0.020700
0.223408
0.207257
0.102326
0.972329
0.963126
0.753472
0.917916
0.992182
0.223966
0.207717
0.096556
0.053791
0.003914
0.757345
0.739467
0.367555
0.397361
0.974051
0.519463
0.376297
0.709704
0.681191
0.663401
0.818808
0.720250
0.408084
0.014113
0.125729
0.689688
0.875197
0.251072
0.930035
0.618555
0.394328
0.984925
0.943453
0.100127
0.930698
0.100329
0.011065
0.924957
0.980653
0.732360
0.959714
0.853370
0.122167
0.381990
0.105975
0.729613
0.476771
0.046157
0.497371
0.974745
0.976020
0.391075
0.205202
0.656758
0.667757
0.276466
0.316411
0.292838
0.223289
0.975614
0.076118
0.023556
0.904493
0.850790
0.144638
0.471074
0.911670
0.133287
0.369949
0.948688
0.989031
0.249386
0.688718
0.333668
0.023744
0.794420
0.115804
0.019513
0.184960
0.823774
0.423334
0.802052
0.557462
0.466477
0.902972
0.990130
0.963658
0.028701
0.540618
0.287012
0.323654
0.982948
0.215698
0.153236
0.499723
0.595392
0.999303
0.280686
0.603758
0.977085
0.942240
0.945809
0.041685
0.994468
0.968015
0.346466
0.245579
0.599071
0.013382
0.305664
0.402126
0.016342
0.998736
0.442595
0.991871
0.974145
0.002737
0.979446
0.976312
0.336274
0.795293
0.336528
0.692457
0.535883
0.038673
0.737342
0.019390
0.990978
0.967617
0.132991
0.335421
0.285688
0.017820
0.878333
0.276345
0.960379
0.088394
0.765785
0.051190
0.153071
0.562651
0.742847
0.040086
0.662939
0.111847
0.043466
0.938188
0.040389
0.890220
0.074149
0.275049
0.075965
0.465878
0.370887
0.014568
0.659680
0.461652
0.894812
0.438219
0.022070
0.816401
0.314375
0.982706
0.199793
0.283477
0.218684
0.334259
0.131682
0.963632
0.633772
0.053370
0.095803
0.272974
0.022622
0.948366
0.972353
0.145528
0.069277
0.183824
0.982078
0.827417
0.171749
0.976349
0.925091
0.112682
0.912351
0.074941
0.851044
0.486229
0.810542
0.871661
0.611481
0.062731
0.699849
0.260974
0.407753
0.101000
0.048098
0.006717
0.239473
0.366457
0.584809
0.237703
0.857131
0.143756
0.988652
0.591881
0.753482
0.747487
0.941385
0.867912
0.146236
0.907537
0.984353
0.740858
0.758533
0.783419
0.543986
0.017470
0.786735
0.818163
0.125088
0.212064
0.040874
0.085763
0.501639
0.213667
0.958940
0.332418
0.138429
0.546040
0.789114
0.188705
0.106256
0.523585
0.067060
0.949080
0.987291
0.060742
0.140548
0.725859
0.823660
0.158461
0.254873
0.003200
0.856026
0.570675
0.285524
0.059394
0.652219
0.651530
0.148845
0.006683
0.097913
0.047791
0.000881
0.998367
0.443802
0.266344
0.039900
0.008276
0.224297
0.012016
0.291409
0.023456
0.108795
0.690222
0.152018
0.557387
0.708428
0.599737
0.112928
0.584294
0.363059
0.037080
0.814393
0.769674
0.251442
0.952481
0.968397
0.374435
0.044389
0.002728
0.859723
0.027328
0.408717
0.127528
0.657599
0.951294
0.324800
0.065770
0.993121
0.519577
0.204891
0.444503
0.128997
0.312223
0.826372
0.836098
0.131267
0.051255
0.981492
0.819615
0.934874
0.600683
0.340833
0.122631
0.991156
0.023469
0.019077
0.973868
0.719660
0.316346
0.974717
0.016508
0.101400
0.745366
0.624273
0.026061
0.007011
0.052337
0.931021
0.782593
0.044002
0.708920
0.998122
0.657982
0.097231
0.007267
0.998893
0.575460
0.327486
0.266330
0.684046
0.126520
0.106907
0.906839
0.002194
0.182181
0.154908
0.016005
0.738987
0.749449
0.906413
0.550804
0.015630
0.334368
0.415055
0.948497
0.228667
0.451853
0.978272
0.957497
0.957331
0.588716
0.104767
0.671228
0.281387
0.613213
0.370129
0.057644
0.317062
0.003076
0.898850
0.010552
0.927366
0.992077
0.886914
0.908848
0.986386
0.250014
0.032266
0.242489
0.776760
0.065209
0.569636
0.014939
0.588621
0.965845
0.067947
0.535615
0.716654
0.957801
0.160673
0.639834
0.489535
0.077441
0.782611
0.887359
0.298165
0.571122
0.790858
0.928473
0.917277
0.143581
0.022172
0.232912
0.327371
0.020777
0.350684
0.447723
0.491048
0.644378
0.042725
0.909108
0.039242
0.239572
0.699974
0.552968
0.136091
0.997700
0.689562
0.577640
0.969399
0.025140
0.011124
0.148189
0.995584
0.463125
0.939651
0.024262
0.353901
0.862003
0.623168
0.721797
0.898747
0.130146
0.048933
0.352005
0.049527
0.170933
0.902418
0.997697
0.577581
0.005016
0.696968
0.126271
0.287246
0.420577
0.835209
0.002127
0.698307
0.003156
0.735704
0.991536
0.012051
0.608752
0.877461
0.888413
0.072078
0.077021
0.541066
0.046529
0.479361
0.757332
0.834382
0.223034
0.341005
0.937325
0.977301
0.004931
0.023198
0.740894
0.049357
0.429314
0.500679
0.120523
0.296629
0.977589
0.130194
0.957900
0.430273
0.219965
0.006714
0.862007
0.478775
0.491845
0.030244
0.991569
0.029343
0.080105
0.176367
0.941992
0.984490
0.003034
0.337038
0.957653
0.953126
0.759260
0.082444
0.995356
0.478715
0.226008
0.248612
0.094420
0.019523
0.152782
0.016546
0.114545
0.034114
0.730144
0.082695
0.912714
0.594692
0.859610
0.995371
0.167696
0.700897
0.788046
0.108139
0.167042
0.651760
0.171144
0.509982
0.003646
0.225813
0.583112
0.964893
0.042691
0.840827
0.937088
0.654584
0.376150
0.393707
0.040794
0.981328
0.977211
0.905016
0.356510
0.976436
0.621858
0.014715
0.473147
0.830185
0.003895
0.835954
0.011805
0.021193
0.265233
0.037475
0.823430
0.146297
0.975885
0.010027
0.831330
0.243623
0.141448
0.853709
0.000750
0.726173
0.023384
0.990398
0.894069
0.045430
0.960135
0.656306
0.794277
0.165028
0.019395
0.436402
0.054733
0.612421
0.280381
0.679393
0.948167
0.644737
0.988344
0.001159
0.428069
0.026955
0.016504
0.109918
0.402495
0.456589
0.228849
0.879959
0.190387
0.171761
0.115372
0.729639
0.521955
0.990197
0.995041
0.201317
0.086264
0.969050
0.002597
0.773217
0.663042
0.056041
0.224862
0.999604
0.476779
0.982240
0.275410
0.862049
0.567815
0.688943
0.470614
0.010260
0.844526
0.309245
0.869896
0.353271
0.785419
0.997715
0.120825
0.920158
0.506433
0.043177
0.002244
0.685814
0.559675
0.274138
0.070723
0.088468
0.921333
0.120375
0.352524
0.069148
0.933854
0.093211
0.744530
0.264780
0.972382
0.396826
0.547591
0.635225
0.467319
0.007716
0.004968
0.005867
0.244887
0.058655
0.076450
0.139130
0.034308
0.181165
0.670787
0.706995
0.014410
0.165217
0.833301
0.329006
0.630350
0.096410
0.060467
0.970100
0.881268
0.513245
0.023852
0.314044
0.574437
0.296857
0.001935
0.981221
0.978879
0.351826
0.013688
0.350718
0.068144
0.276067
0.079964
0.988215
0.333800
0.298797
0.035170
0.027832
0.874302
0.014087
0.725742
0.029422
0.939688
0.877074
0.013405
0.189792
0.002358
0.726145
0.477439
0.234301
0.284271
0.102954
0.522816
0.009077
0.841550
0.771562
0.199763
0.874200
0.109313
0.082410
0.359749
0.905003
0.720329
0.016222
0.007591
0.377595
0.988461
0.298777
0.745859
0.931885
0.204913
0.136024
0.814945
0.010990
0.997591
0.516943
0.995572
0.149961
0.993521
0.117464
0.972133
0.966821
0.209724
0.006534
0.361505
0.880573
0.873326
0.909419
0.837162
0.972608
0.568929
0.305478
0.922320
0.698834
0.134734
0.800220
0.996244
0.760355
0.093793
0.295436
0.155815
0.298880
0.995154
0.834284
0.947821
0.056073
0.832954
0.159650
0.446795
0.959821
0.018396
0.971319
0.982767
0.629203
0.975199
0.256950
0.904268
0.987864
0.131375
0.715363
0.389431
0.748058
0.995810
0.077307
0.106094
0.990715
0.907731
0.989345
0.334232
0.825948
0.010324
0.002859
0.732574
0.993372
0.271112
0.160900
0.989705
0.578690
0.001632
0.086411
0.999495
0.147167
0.657979
0.070117
0.036525
0.371551
0.904559
0.967011
0.014715
0.105189
0.751307
0.322543
0.142988
0.179090
0.928652
0.018262
0.965385
0.986639
0.978194
0.966766
0.826864
0.246885
0.757531
0.923247
0.610991
0.507443
0.135768
0.869568
0.036846
0.107384
0.197467
0.358002
0.708639
0.552947
0.172803
0.374522
0.184949
0.022109
0.651041
0.585821
0.389743
0.751759
0.833387
0.106439
0.971652
0.296068
0.009109
0.177359
0.055938
0.960750
0.563211
0.910453
0.302440
0.080711
0.257532
0.990400
0.577410
0.125430
0.541246
0.179579
0.948422
0.985362
0.990955
0.855933
0.943937
0.305365
0.644337
0.006777
0.004569
0.840372
0.412551
0.497122
0.983980
0.438116
0.715597
0.047653
0.017462
0.281061
0.963209
0.707642
0.145662
0.052028
0.894274
0.168403
0.920924
0.980278
0.516726
0.099872
0.079072
0.262966
0.957389
0.467162
0.819630
0.738809
0.930401
0.903655
0.073068
0.993788
0.131733
0.631930
0.806929
0.280717
0.991406
0.365618
0.951344
0.168707
0.027914
0.992997
0.280869
0.962344
0.462359
0.133994
0.042491
0.970695
0.829429
0.992319
0.277770
0.613535
0.966756
0.128979
0.990956
0.976357
0.820565
0.290912
0.441302
0.999615
0.943651
0.249710
0.949070
0.806100
0.730001
0.013450
0.522813
0.982830
0.047123
0.349519
0.270874
0.472595
0.574285
0.982676
0.260818
0.883987
0.890851
0.902369
0.554496
0.446307
0.506978
0.037431
0.971556
0.046089
0.040989
0.321257
0.882445
0.262834
0.903534
0.744223
0.025697
0.032641
0.004320
0.994282
0.360826
0.839611
0.986068
0.017621
0.791858
0.957294
0.031001
0.986156
0.436337
0.101122
0.008264
0.034612
0.962803
0.588903
0.934328
0.546454
0.534179
0.448221
0.180209
0.954870
0.993671
0.203956
0.774348
0.023288
0.660340
0.434739
0.065467
0.984236
0.152440
0.962559
0.595970
0.561029
0.838038
0.818565
0.662466
0.801347
0.372849
0.484451
0.095956
0.008633
0.660895
0.900631
0.009989
0.999392
0.490952
0.013414
0.981443
0.776636
0.076470
0.536101
0.520602
0.663648
0.559485
0.710171
0.007654
0.200075
0.367148
0.866355
0.736530
0.050510
0.356272
0.348885
0.047419
0.004820
0.511122
0.913399
0.553463
0.207200
0.790709
0.994552
0.246769
0.954205
0.193929
0.312105
0.239256
0.055938
0.002521
0.876726
0.750995
0.500953
0.339247
0.919317
0.784973
0.992170
0.175416
0.127090
0.950131
0.217433
0.103324
0.109090
0.959695
0.815546
0.983794
0.877143
0.059557
0.397366
0.341431
0.057040
0.104665
0.903798
0.298172
0.620671
0.151581
0.046647
0.021005
0.234170
0.789591
0.311416
0.255554
0.992474
0.911384
0.963713
0.988621
0.991687
0.858394
0.220468
0.005526
0.759357
0.306648
0.481498
0.006160
0.069806
0.537196
0.225555
0.514238
0.623623
0.682026
0.906556
0.012611
0.961684
0.007148
0.007173
0.201064
0.009531
0.039536
0.023745
0.917772
0.433289
0.115531
0.467578
0.471501
0.486584
0.613764
0.003737
0.057889
0.030962
0.855265
0.044671
0.979526
0.001952
0.978171
0.095502
0.596610
0.978467
0.810405
0.971248
0.123359
0.322907
0.118355
0.990599
0.286258
0.041515
0.245736
0.014512
0.404790
0.409545
0.683331
0.447068
0.908475
0.559252
0.043595
0.993778
0.012786
0.895033
0.301566
0.898811
0.022598
0.774767
0.047633
0.990748
0.069789
0.623696
0.224109
0.987309
0.227754
0.136237
0.989287
0.941645
0.298895
0.956721
0.959863
0.063557
0.022983
0.638900
0.996187
0.251883
0.005832
0.605109
0.271049
0.991224
0.283845
0.203378
0.158585
0.138850
0.422681
0.917347
0.388618
0.301834
0.942443
0.854050
0.051623
0.098918
0.070465
0.600189
0.305642
0.793174
0.958963
0.964235
0.632984
0.010673
0.197862
0.990324
0.293252
0.450901
0.079278
0.981719
0.432208
0.039440
0.011851
0.991252
0.097541
0.819219
0.996986
0.160535
0.958496
0.230478
0.302652
0.976500
0.082411
0.954417
0.953691
0.983062
0.831819
0.988375
0.060415
0.967805
0.858374
0.242593
0.184246
0.470675
0.065427
0.235294
0.811558
0.052282
0.320161
0.149403
0.446506
0.007449
0.707632
0.242066
0.595113
0.076128
0.065051
0.257731
0.023439
0.015595
0.070383
0.953786
0.992878
0.523665
0.099595
0.804907
0.101472
0.030376
0.197228
0.350514
0.219837
0.963424
0.266906
0.715198
0.428102
0.971956
0.990140
0.860754
0.819490
0.832456
0.032813
0.963997
0.979008
0.215652
0.056532
0.004392
0.035756
0.731925
0.985953
0.904581
0.005088
