0.540822
0.997808
0.018154
0.993745
0.023650
0.041929
0.982352
0.095039
0.000976
0.994047
0.999388
0.996103
0.957128
0.987672
0.100859
0.986192
0.280323
0.880162
0.042783
0.988349
0.831538
0.991157
0.519717
0.005506
0.095146
0.002528
0.980775
0.997270
0.999028
0.379201
0.027657
0.441748
0.991359
0.026199
0.332565
0.999503
0.993590
0.996419
0.011194
0.000591
0.887466
0.024712
0.005887
0.970556
0.018640
0.185188
0.477355
0.160314
0.619704
0.965593
0.994351
0.216285
0.107859
0.133513
0.991290
0.000569
0.072678
0.514771
0.016505
0.902617
0.386511
0.989685
0.031410
0.902375
0.012145
0.592976
0.339425
0.996567
0.991754
0.994322
0.003670
0.870257
0.059735
0.003868
0.069620
0.990969
0.006628
0.939786
0.999485
0.057460
0.999592
0.987095
0.497201
0.000745
0.089457
0.891276
0.980951
0.102823
0.038029
0.252006
0.017865
0.109848
0.655698
0.344708
0.011385
0.082791
0.003169
0.621701
0.420239
0.001889
0.305972
0.210521
0.998716
0.983072
0.974423
0.003578
0.001617
0.986389
0.145090
0.074301
0.046803
0.441750
0.979660
0.007827
0.937476
0.113246
0.001620
0.029419
0.829660
0.879653
0.047674
0.468511
0.977591
0.955339
0.000888
0.893706
0.005785
0.741814
0.825345
0.003537
0.116870
0.126083
0.004353
0.354826
0.978630
0.070733
0.999786
0.878596
0.555587
0.093119
0.797146
0.564076
0.947424
0.796203
0.951764
0.048698
0.055512
0.696098
0.566386
0.960361
0.766769
0.094265
0.255230
0.992467
0.035669
0.080190
0.032178
0.001138
0.886883
0.668897
0.079136
0.991970
0.072090
0.230239
0.990764
0.762539
0.996613
0.167720
0.165427
0.007832
0.051388
0.998277
0.444470
0.132754
0.037248
0.974342
0.304386
0.347592
0.002434
0.983317
0.097447
0.893292
0.994025
0.033109
0.496343
0.036454
0.887406
0.468134
0.998480
0.446078
0.989146
0.989831
0.997946
0.994965
0.018962
0.000359
0.740293
0.178807
0.568457
0.021438
0.999823
0.526723
0.992780
0.336695
0.992821
0.551732
0.029367
0.579016
0.598321
0.008459
0.908986
0.719869
0.855009
0.389605
0.127893
0.218354
0.723485
0.034891
0.893745
0.096640
0.997856
0.722429
0.992174
0.869661
0.919559
0.961064
0.094801
0.083219
0.818824
0.091138
0.999268
0.985530
0.010735
0.015423
0.865742
0.046305
0.138870
0.453458
0.382404
0.455869
0.952199
0.136922
0.209722
0.992883
0.360739
0.939575
0.061624
0.000528
0.078910
0.986548
0.009020
0.995262
0.054422
0.140829
0.992609
0.695642
0.119268
0.994541
0.005930
0.997388
0.996861
0.012541
0.006353
0.053268
0.970329
0.991037
0.000788
0.970513
0.511503
0.101414
0.097841
0.762978
0.083375
0.099201
0.043550
0.027223
0.945877
0.167440
0.995816
0.979010
0.377988
0.050292
0.002276
0.972279
0.151489
0.307490
0.063274
0.021133
0.890451
0.995401
0.964026
0.981287
0.196771
0.989072
0.762722
0.032907
0.981660
0.626604
0.150702
0.995272
0.933319
0.994425
0.002738
0.998667
0.992466
0.595829
0.198360
0.253832
0.921425
0.929549
0.371261
0.034408
0.525037
0.237834
0.135216
0.047895
0.349533
0.958240
0.789086
0.002938
0.993364
0.003748
0.199388
0.212834
0.002421
0.881941
0.075999
0.988407
0.741215
0.643073
0.264031
0.090723
0.000767
0.009240
0.148545
0.099714
0.998089
0.000983
0.980209
0.166608
0.984909
0.501400
0.018088
0.999774
0.027556
0.008255
0.075943
0.017460
0.939982
0.884237
0.943035
0.002582
0.986504
0.000990
0.014385
0.992018
0.001729
0.052449
0.078571
0.603822
0.049797
0.003303
0.999367
0.022086
0.998543
0.988658
0.004246
0.066184
0.017597
0.026549
0.994668
0.442451
0.152735
0.853239
0.519044
0.077605
0.965847
0.814622
0.974259
0.649295
0.142052
0.652436
0.216988
0.961311
0.074777
0.924337
0.990748
0.999022
0.282923
0.288269
0.020215
0.720362
0.076228
0.002464
0.825397
0.080203
0.005438
0.174029
0.021420
0.055129
0.860552
0.093787
0.132142
0.788050
0.045823
0.108414
0.176167
0.035829
0.978758
0.999670
0.978721
0.873020
0.011504
0.102676
0.988509
0.242864
0.028512
0.999030
0.157882
0.005095
0.059584
0.661325
0.246951
0.019227
0.929554
0.998357
0.996581
0.986411
0.101225
0.996108
0.394352
0.000663
0.031190
0.204753
0.005416
0.999120
0.016152
0.991001
0.976381
0.965443
0.011523
0.952931
0.983940
0.994458
0.003919
0.988165
0.166454
0.951371
0.107335
0.971298
0.903482
0.425158
0.157484
0.182080
0.031751
0.959216
0.214117
0.136041
0.745526
0.058779
0.998288
0.355886
0.483176
0.460490
0.964576
0.016455
0.103963
0.953449
0.995875
0.995196
0.935054
0.996176
0.121209
0.969984
0.913127
0.995350
0.147977
0.083590
0.120312
0.147014
0.992692
0.975490
0.981638
0.004733
0.330240
0.829112
0.725413
0.996745
0.079414
0.213536
0.001958
0.137417
0.083918
0.072821
0.921846
0.020170
0.841927
0.063114
0.998941
0.779717
0.997209
0.962812
0.870666
0.018112
0.115191
0.997869
0.043680
0.116144
0.008462
0.995977
0.927501
0.047392
0.963782
0.001675
0.038584
0.859582
0.003983
0.038492
0.001343
0.000245
0.984933
0.997232
0.983288
0.004759
0.119924
0.994916
0.998385
0.973636
0.019237
0.991380
0.506067
0.011655
0.007696
0.997456
0.351850
0.135346
0.933576
0.992863
0.217185
0.933897
0.036492
0.998348
0.996463
0.072750
0.962228
0.001996
0.861847
0.998921
0.022372
0.001669
0.989052
0.955482
0.975862
0.991279
0.084760
0.028804
0.105264
0.998895
0.702295
0.948683
0.670388
0.994986
0.012063
0.137855
0.988413
0.985140
0.011181
0.110136
0.973904
0.488565
0.999179
0.000032
0.989965
0.994108
0.296187
0.999347
0.312676
0.541696
0.200477
0.004388
0.519251
0.014384
0.913421
0.754864
0.997764
0.001787
0.924432
0.756400
0.778288
0.104969
0.004635
0.939363
0.278191
0.002830
0.043921
0.014319
0.975743
0.004125
0.736080
0.095031
0.471016
0.958556
0.834319
0.985563
0.996655
0.000103
0.835083
0.900788
0.991733
0.273765
0.014347
0.996815
0.147582
0.000078
0.331728
0.789467
0.963455
0.994664
0.711085
0.026045
0.969061
0.548359
0.230262
0.518073
0.998354
0.000616
0.913632
0.216772
0.908632
0.002558
0.484267
0.893918
0.944873
0.157345
0.824650
0.635399
0.126635
0.552534
0.988940
0.973303
0.075399
0.867019
0.912551
0.907524
0.946192
0.996562
0.830240
0.240675
0.801597
0.012847
0.328160
0.001255
0.004964
0.997720
0.942023
0.999717
0.013891
0.015077
0.758658
0.021206
0.295140
0.867508
0.035372
0.925843
0.019137
0.942153
0.146824
0.706293
0.884659
0.819820
0.953058
0.061938
0.922708
0.010408
0.160508
0.986160
0.001900
0.791020
0.856607
0.922614
0.994677
0.623437
0.997278
0.003180
0.477743
0.004039
0.918083
0.141739
0.004924
0.018164
0.003162
0.886814
0.148115
0.897431
0.775378
0.553662
0.364638
0.000345
0.001851
0.393739
0.001258
0.991865
0.017268
0.791289
0.026232
0.051079
0.157175
0.011271
0.997286
0.002754
0.979686
0.100041
0.035366
0.281933
0.109808
0.644432
0.973874
0.000988
0.015338
0.996737
0.895774
0.004002
0.017682
0.691647
0.000400
0.925594
0.994862
0.962658
0.008860
0.132942
0.999628
0.989718
0.076913
0.008113
0.002750
0.018710
0.064752
0.232494
0.992296
0.002906
0.877819
0.989606
0.951864
0.238869
0.960862
0.213462
0.129383
0.082227
0.083748
0.993952
0.099611
0.000987
0.223119
0.222984
0.972922
0.038188
0.003801
0.997634
0.698798
0.002170
0.003584
0.993783
0.000779
0.030776
0.004669
0.980216
0.698212
0.000706
0.810584
0.057036
0.031832
0.124417
0.352174
0.179946
0.999019
0.000147
0.105768
0.022544
0.153002
0.993757
0.376761
0.838066
0.958708
0.877522
0.962908
0.023494
0.016534
0.993138
0.999612
0.830253
0.995496
0.998519
0.147398
0.511566
0.993837
0.979125
0.449997
0.979790
0.279723
0.986217
0.566612
0.970124
0.008645
0.538513
0.280420
0.914864
0.031193
0.450786
0.830016
0.010223
0.919853
0.142179
0.007713
0.959851
0.011436
0.067503
0.049425
0.334098
0.991147
0.053404
0.179710
0.861582
0.989844
0.987913
0.002864
0.523765
0.003361
0.130050
0.002265
0.081674
0.994531
0.796303
0.647681
0.410083
0.042596
0.975402
0.173058
0.580948
0.511457
0.009222
0.006467
0.980447
0.009674
0.011792
0.493957
0.996339
0.084054
0.829284
0.792618
0.651518
0.208860
0.968783
0.017712
0.793179
0.889320
0.975225
0.002083
0.858525
0.489739
0.912510
0.004319
0.063509
0.748277
0.115292
0.245986
0.058575
0.117494
0.990685
0.056701
0.273229
0.756770
0.011729
0.988460
0.993171
0.061586
0.999528
0.910510
0.358152
0.994594
0.978151
0.879467
0.005033
0.528072
0.949479
0.075549
0.655643
0.983398
0.205282
0.978941
0.964535
0.507366
0.024170
0.960257
0.911414
0.002071
0.732344
0.087454
0.014753
0.990739
0.720664
0.000732
0.972471
0.038602
0.569726
0.843780
0.028036
0.936658
0.086728
0.004637
0.987090
0.086285
0.255098
0.953723
0.011625
0.727933
0.855088
0.972836
0.797492
0.052348
0.970503
0.360845
0.002134
0.146100
0.000615
0.707026
0.018999
0.996321
0.978433
0.000615
0.031806
0.359398
0.036707
0.421607
0.112396
0.990807
0.480821
0.026702
0.979513
0.082681
0.000940
0.822124
0.985513
0.238301
0.266454
0.476680
0.964349
0.101765
0.068299
0.998845
0.048652
0.557411
0.923302
0.004969
0.841848
0.302821
0.134206
0.117168
0.023908
0.798170
0.796851
0.996332
0.995163
0.844771
0.996750
0.002761
0.002752
0.967184
0.061983
0.595610
0.014979
0.038529
0.000772
0.059020
0.586752
0.040283
0.023686
0.997574
0.001729
0.010486
0.996572
0.037190
0.402323
0.481483
0.998409
0.003089
0.120273
0.351081
0.127178
0.274927
0.035953
0.357864
0.005086
0.029712
0.992025
0.008724
0.006692
0.994806
0.045074
0.006115
0.969562
0.923042
0.755050
0.952644
0.659243
0.003303
0.133916
0.196812
0.010119
0.000046
0.933806
0.919837
0.103106
0.043313
0.224754
0.006901
0.039831
0.103602
0.969227
0.876383
0.993758
0.779792
0.014480
0.903041
0.148036
0.665725
0.037681
0.742158
0.128630
0.000905
0.022496
0.716483
0.003028
0.936613
0.994921
0.968547
0.007231
0.749450
0.994448
0.953976
0.710272
0.180971
0.942950
0.878580
0.992137
0.080658
0.252773
0.996184
0.280490
0.134422
0.979026
0.997941
0.971256
0.997387
0.105711
0.071961
0.967008
0.014742
0.933161
0.004204
0.540047
0.010995
0.993988
0.971570
0.710543
0.993729
0.997640
0.997335
0.998144
0.932129
0.003728
0.961129
0.990353
0.001861
0.548669
0.037280
0.996365
0.994299
0.706508
0.984557
0.213443
0.102842
0.974197
0.931013
0.036274
0.509106
0.988248
0.992458
0.647345
0.030530
0.993673
0.035810
0.907671
0.249894
0.329289
0.001695
0.565258
0.135171
0.003932
0.855669
0.965590
0.021191
0.337613
0.004093
0.693477
0.771646
0.005941
0.040141
0.008756
0.983389
0.993169
0.974056
0.960302
0.307129
0.187683
0.217690
0.013925
0.104042
0.000229
0.908272
0.808315
0.092843
0.345783
0.008114
0.700981
0.074660
0.816914
0.997932
0.904334
0.041921
0.002051
0.056712
0.019632
0.028228
0.977556
0.162465
0.026831
0.994438
0.991705
0.986260
0.909714
0.061990
0.815479
0.104549
0.645238
0.973175
0.306538
0.412403
0.784098
0.603072
0.003108
0.991082
0.039904
0.972424
0.850192
0.266741
0.054571
0.979398
0.988376
0.997353
0.011222
0.996967
0.965867
0.053784
0.769368
0.000356
0.007860
0.166604
0.973714
0.756330
0.710487
0.382025
0.466304
0.786402
0.254826
0.234723
0.064592
0.993801
0.638890
0.646773
0.949882
0.988751
0.827950
0.723204
0.998652
0.667490
0.114821
0.084763
0.369890
0.063352
0.167585
0.009454
0.259189
0.632167
0.134460
0.997272
0.642768
0.111265
0.937856
0.065586
0.102016
0.288049
0.953616
0.034808
0.115945
0.640040
0.679291
0.044806
0.789153
0.861332
0.690979
0.165178
0.304453
0.095335
0.934586
0.580720
0.974552
0.007479
0.072437
0.054022
0.977585
0.137298
0.598931
0.026693
0.322610
0.984446
0.853731
0.998513
0.986261
0.010170
0.013900
0.057239
0.068106
0.963269
0.995205
0.998703
0.628404
0.033357
0.947400
0.116930
0.029505
0.000839
0.012078
0.991965
0.881169
0.994925
0.827491
0.097391
0.886365
0.003136
0.967144
0.498550
0.983163
0.947781
0.079023
0.008284
0.928357
0.997192
0.077390
0.479311
0.261758
0.171722
0.005802
0.995578
0.145944
0.998849
0.160267
0.109482
0.480538
0.211681
0.853579
0.020866
0.997325
0.001289
0.121616
0.718368
0.949071
0.995160
0.966766
0.033033
0.459635
0.907812
0.002849
0.952521
0.953177
0.000209
0.994237
0.412754
0.387045
0.248318
0.991809
0.102537
0.917880
0.276015
0.637181
0.506555
0.995346
0.892669
0.995782
0.993869
0.985357
0.991884
0.004231
0.004375
0.987764
0.168580
0.732370
0.986027
0.945847
0.994614
0.970530
0.072820
0.999552
0.001161
0.003373
0.647776
0.975543
0.845781
0.451434
0.069145
0.009443
0.031289
0.922787
0.989951
0.129827
0.991584
0.984861
0.514537
0.031192
0.000685
0.024168
0.704114
0.045695
0.992081
0.981136
0.006346
0.271780
0.990232
0.090772
0.146340
0.691269
0.825343
0.987382
0.033655
0.024384
0.018180
0.166465
0.939214
0.663382
0.994366
0.176214
0.041407
0.561781
0.987567
0.069606
0.062972
0.972777
0.004812
0.164883
0.988750
0.994495
0.912030
0.675652
0.076161
0.999502
0.997623
0.860470
0.141083
0.552215
0.992701
0.000097
0.974415
0.997803
0.401628
0.498431
0.026056
0.997741
0.000078
0.702416
0.000029
0.092924
0.962361
0.036474
0.003724
0.068265
0.888112
0.999258
0.614702
0.020206
0.999110
0.682855
0.950085
0.144037
0.001521
0.062744
0.482677
0.995261
0.118284
0.009364
0.977746
0.920103
0.001011
0.998543
0.980478
0.936918
0.976046
0.001417
0.869352
0.090237
0.055557
0.009527
0.389510
0.130613
0.079792
0.038875
0.992869
0.970297
0.185209
0.225717
0.188144
0.328694
0.003710
0.738019
0.317787
0.015809
0.047159
0.167761
0.964794
0.057477
0.004561
0.926285
0.965624
0.246290
0.101123
0.986251
0.993378
0.007712
0.999623
0.012716
0.275402
0.969691
0.190544
0.005326
0.356579
0.983424
0.971586
0.084131
0.214440
0.996130
0.723564
0.996566
0.857165
0.314047
0.998344
0.999254
0.950952
0.999841
0.962337
0.177400
0.105435
0.025993
0.008855
0.730325
0.046179
0.034440
0.995420
0.036851
0.989323
0.195512
0.226267
0.942487
0.187290
0.880207
0.019266
0.004782
0.119719
0.019885
0.049630
0.057483
0.961212
0.000686
0.996533
0.994230
0.397979
0.121392
0.004077
0.838433
0.992525
0.115956
0.042388
0.027753
0.991651
0.000999
0.129699
0.712878
0.129312
0.993702
0.978178
0.143395
0.971972
0.073734
0.111704
0.837043
0.810254
0.998139
0.998777
0.995117
0.994035
0.942694
0.155129
0.121995
0.994987
0.014704
0.017284
0.982620
0.760911
0.853828
0.852642
0.579630
0.008086
0.082177
0.998453
0.898349
0.094395
0.794032
0.115707
0.118653
0.090655
0.123913
0.848748
0.002993
0.717597
0.002201
0.110471
0.991625
0.332794
0.132179
0.052017
0.010567
0.484702
0.997482
0.113367
0.112906
0.516703
0.358188
0.309325
0.803625
0.001018
0.976639
0.083662
0.043175
0.990858
0.910411
0.665787
0.012502
0.004689
0.089495
0.761076
0.009136
0.175423
0.088656
0.037655
0.014424
0.182109
0.973072
0.267621
0.537839
0.017027
0.640031
0.983663
0.961230
0.997678
0.919037
0.956910
0.112005
0.532599
0.040192
0.942411
0.958882
0.009193
0.070080
0.133033
0.612441
0.608800
0.066241
0.597614
0.042562
0.942751
0.993977
0.501025
0.246858
0.569341
0.005204
0.708517
0.033024
0.621959
0.995373
0.001778
0.390317
0.996047
0.328281
0.020030
0.216140
0.994153
0.990057
0.013991
0.027757
0.376394
0.150664
0.085687
0.099168
0.991870
0.578277
0.002575
0.000506
0.115176
0.093175
0.119858
0.589053
0.977678
0.994541
0.789761
0.976069
0.938919
0.782848
0.995374
0.243412
0.120243
0.996711
0.885553
0.006650
0.070654
0.026577
0.969568
0.181591
0.143966
0.928039
0.715668
0.980034
0.647473
0.755958
0.001314
0.076508
0.992601
0.906231
0.995475
0.004746
0.028823
0.283477
0.444991
0.375405
0.250831
0.999861
0.001733
0.411730
0.068139
0.071340
0.005993
0.002179
0.500259
0.948294
0.043648
0.165083
0.239111
0.998872
0.991142
0.041549
0.001704
0.000185
0.021181
0.973226
0.589936
0.737913
0.989945
0.990015
0.171523
0.934163
0.858168
0.003674
0.801614
0.713095
0.038698
0.215763
0.168748
0.978361
0.978416
0.003757
0.081554
0.122179
0.127847
0.003162
0.916869
0.004116
0.020145
0.013824
0.871949
0.026529
0.674363
0.272825
0.993429
0.788034
0.073262
0.032107
0.372751
0.002162
0.991533
0.896696
0.856480
0.994744
0.016302
0.196003
0.041252
0.039634
0.519921
0.917803
0.032370
0.001817
0.409809
0.013884
0.148302
0.989061
0.217177
0.522649
0.000283
0.243534
0.841018
0.866829
0.053677
0.965929
0.986613
0.739385
0.516708
0.001682
0.078450
0.962127
0.984205
0.989347
0.016621
0.220607
0.950417
0.993198
0.021069
0.994361
0.322632
0.899892
0.992538
0.975329
0.000416
0.054312
0.902020
0.877208
0.044691
0.178354
0.119197
0.025514
0.993849
0.137425
0.012281
0.746959
0.034484
0.026753
0.998449
0.012368
0.145469
0.005851
0.900714
0.993242
0.621960
0.000664
0.282510
0.995227
0.991194
0.256393
0.894049
0.100255
0.003828
0.007079
0.022700
0.024200
0.063872
0.995580
0.850114
0.947939
0.104400
0.105839
0.080472
0.851837
0.718866
0.000872
0.053391
0.013359
0.339010
0.969392
0.000111
0.002363
0.975248
0.208869
0.000556
0.995785
0.375495
0.000434
0.640614
0.084825
0.197548
0.839880
0.033413
0.236437
0.914564
0.085957
0.994553
0.046814
0.986328
0.992303
0.184896
0.698594
0.994116
0.599840
0.914810
0.061193
0.293022
0.090321
0.933602
0.000341
0.007032
0.202635
0.016869
0.091286
0.008037
0.009350
0.054953
0.973243
0.097077
0.813854
0.967445
0.991280
0.052522
0.066183
0.978470
0.990813
0.252998
0.500671
0.993764
0.000478
0.011975
0.997691
0.996883
0.998836
0.986453
0.001210
0.034329
0.047862
0.015507
0.574128
0.009555
0.002557
0.120813
0.099399
0.962021
0.144337
0.008382
0.817371
0.625836
0.931854
0.014355
0.919664
0.862161
0.054960
0.024929
0.960135
0.267746
0.971793
0.001982
0.714696
0.102321
0.355477
0.997241
0.199361
0.992608
0.088536
0.079196
0.994613
0.997783
0.973443
0.121982
0.163692
0.209980
0.696528
0.008962
0.999697
0.045437
0.207170
0.983914
0.986481
0.155952
0.084021
0.155303
0.991534
0.995423
0.153559
0.042538
0.911188
0.959728
0.001192
0.816525
0.031827
0.964707
0.003849
0.997380
0.987461
0.998730
0.001616
0.013293
0.522417
0.973145
0.009372
0.116934
0.117875
0.723428
0.984917
0.536160
0.401034
0.326673
0.000251
0.002897
0.465494
0.300224
0.139312
0.210748
0.676795
0.252835
0.252079
0.991257
0.971468
0.885382
0.002052
0.994553
0.103685
0.945606
0.161550
0.997039
0.916274
0.004422
0.479578
0.001803
0.601364
0.000139
0.748521
0.001289
0.980821
0.428228
0.131085
0.997942
0.010673
0.879853
0.692659
0.984671
0.995523
0.987479
0.261742
0.042638
0.925494
0.996682
0.809825
0.001420
0.069835
0.975233
0.110676
0.016757
0.929276
0.785522
0.906025
0.985055
0.994043
0.987525
0.659920
0.002257
0.384541
0.513384
0.014374
0.264941
0.975954
0.564549
0.000651
0.991117
0.988250
0.034572
0.180483
0.406438
0.907320
0.102619
0.032658
0.996163
0.273766
0.982026
0.381841
0.814208
0.997766
0.681152
0.993856
0.001162
0.002884
0.954986
0.872452
0.233065
0.602336
0.010947
0.000931
0.981128
0.608349
0.991630
0.997089
0.128080
0.980917
0.917166
0.972558
0.843206
0.942772
0.169413
0.003414
0.010476
0.002638
0.637279
0.912051
0.222937
0.737670
0.957147
0.649718
0.514390
0.997029
0.160353
0.517377
0.994009
0.975979
0.215230
0.044389
0.576999
0.159072
0.997107
0.138231
0.982245
0.907199
0.821385
0.121260
0.511787
0.920859
0.145802
0.067753
0.978007
0.967632
0.006230
0.974243
0.984497
0.995557
0.142226
0.259783
0.008751
0.277071
0.209204
0.979018
0.977984
0.998646
0.967056
0.010498
0.987617
0.941988
0.984173
0.975664
0.440577
0.135734
0.036855
0.919431
0.996719
0.999602
0.111808
0.600852
0.961736
0.956936
0.015726
0.998820
0.002169
0.998359
0.046072
0.125604
0.915260
0.952675
0.999212
0.996114
0.041911
0.998953
0.987716
0.972406
0.726705
0.978748
0.954623
0.187792
0.883687
0.018507
0.989945
0.149657
0.040989
0.988320
0.012933
0.918047
0.005187
0.132353
0.977636
0.000567
0.025539
0.001843
0.936272
0.459370
0.073249
0.964851
0.922781
0.187359
0.950314
0.994057
0.999249
0.272474
0.077221
0.022623
0.990469
0.930853
0.007654
0.223386
0.172837
0.065390
0.002934
0.984365
0.997865
0.324258
0.000469
0.021515
0.003174
0.918462
0.017893
0.000684
0.054927
0.168957
0.327619
0.613769
0.952723
0.995344
0.166721
0.414059
0.939495
0.610580
0.568773
0.996421
0.116898
0.987336
0.025251
0.001024
0.381540
0.510444
0.998502
0.976388
0.999561
0.093028
0.039407
0.998592
0.944767
0.029712
0.110299
0.185445
0.905096
0.523630
0.827542
0.956471
0.998109
0.842651
0.929924
0.012018
0.996020
0.012770
0.640052
0.050943
0.143714
0.971519
0.155023
0.910936
0.282738
0.211675
0.024222
0.304565
0.009419
0.264772
0.001724
0.983015
0.016297
0.997370
0.004449
0.161599
0.086732
0.989272
0.184984
0.029390
0.196421
0.878586
0.846639
0.995309
0.979487
0.275295
0.449256
0.004932
0.777683
0.893384
0.055169
0.049151
0.000523
0.985255
0.002878
0.023490
0.000975
0.201373
0.125234
0.000366
0.560215
0.003249
0.770493
0.609683
0.980979
0.499228
0.190842
0.784932
0.014258
0.957736
0.004090
0.983547
0.319800
0.802256
0.963573
0.000660
0.376196
0.286213
0.995546
0.915566
0.027008
0.934609
0.968071
0.016439
0.960299
0.305677
0.045988
0.722469
0.965301
0.597561
0.198568
0.957345
0.101133
0.997085
0.976970
0.923381
0.691890
0.089974
0.039827
0.226989
0.995902
0.008772
0.106988
0.026878
0.380154
0.509278
0.836336
0.404386
0.994598
0.025829
0.607279
0.309748
0.247061
0.992552
0.633078
0.030172
0.016166
0.006243
0.869444
0.408671
0.251707
0.322590
0.995065
0.990091
0.877168
0.116507
0.102827
0.629981
0.121855
0.008338
0.995975
0.072888
0.011681
0.060420
0.034089
0.121062
0.297735
0.523755
0.080033
0.999283
0.994003
0.979814
0.000485
0.058582
0.071506
0.009832
0.140746
0.133842
0.980951
0.996991
0.075433
0.041351
0.992277
0.710023
0.990232
0.146682
0.082546
0.758287
0.003623
0.991881
0.035013
0.940610
0.277998
0.964760
0.987074
0.068290
0.007436
0.040531
0.973335
0.678383
0.994788
0.978642
0.999092
0.131445
0.871690
0.999093
0.989051
0.000450
0.007375
0.374734
0.968951
0.169209
0.932926
0.697917
0.011133
0.001999
0.045345
0.071044
0.989056
0.022844
0.076397
0.036271
0.004761
0.970460
0.151225
0.005685
0.996072
0.054755
0.346578
0.587911
0.066959
0.002206
0.904193
0.991444
0.057929
0.051958
0.156271
0.042431
0.084433
0.231491
0.036982
0.131894
0.165408
0.130292
0.899344
0.138227
0.002605
0.244710
0.172140
0.012957
0.304387
0.010488
0.968396
0.992869
0.902629
0.813199
0.943477
0.167126
0.889309
0.284548
0.020554
0.891062
0.989934
0.004232
0.969944
0.234820
0.604054
0.422057
0.382069
0.988588
0.211910
0.023077
0.510132
0.236258
0.938463
0.005066
0.013875
0.639713
0.993940
0.991230
0.624716
0.912930
0.084550
0.045689
0.510390
0.049710
0.031425
0.915730
0.340163
0.540170
0.850879
0.022184
0.133834
0.012165
0.352790
0.001116
0.424382
0.976471
0.015238
0.965912
0.075357
0.864187
0.003567
0.000164
0.291240
0.102553
0.400136
0.078932
0.071856
0.113787
0.559165
0.234440
0.923172
0.982320
0.142095
0.002325
0.054721
0.902688
0.004626
0.016246
0.918701
0.233139
0.175300
0.010484
0.298541
0.012432
0.241209
0.001344
0.018869
0.203390
0.996265
0.997543
0.247615
0.953268
0.972879
0.878002
0.009311
0.019592
0.984964
0.005310
0.288435
0.195560
0.997824
0.168512
0.048531
0.061746
0.794247
0.990574
0.594187
0.999039
0.977644
0.998471
0.007319
0.089759
0.000092
0.470176
0.250830
0.015568
0.615766
0.580164
0.000358
0.981117
0.213674
0.101697
0.129041
0.210765
0.993096
0.022019
0.971924
0.026184
0.270263
0.869589
0.523724
0.044341
0.991315
0.991165
0.090520
0.020088
0.992310
0.971401
0.969328
0.006615
0.870410
0.068418
0.999787
0.909373
0.022981
0.982472
0.000686
0.997480
0.017813
0.001313
0.995050
0.647286
0.002650
0.583912
0.010802
0.032420
0.979629
0.008872
0.009675
0.997357
0.005513
0.994377
0.991872
0.995320
0.109857
0.031234
0.001785
0.213467
0.770430
0.969166
0.717463
0.988903
0.602022
0.997221
0.119126
0.390345
0.247191
0.999043
0.968851
0.001494
0.955935
0.994981
0.989343
0.171408
0.891633
0.147472
0.731223
0.019398
0.047005
0.000366
0.006102
0.276286
0.129503
0.969424
0.006027
0.013641
0.154455
0.282762
0.990547
0.990868
0.000657
0.001496
0.565129
0.966844
0.015976
0.246174
0.690830
0.252491
0.807331
0.325261
0.584489
0.028350
0.992669
0.998894
0.997794
0.456024
0.169894
0.929681
0.385991
0.934768
0.016924
0.231403
0.005773
0.972690
0.281913
0.001064
0.063188
0.637742
0.088018
0.002501
0.102954
0.007090
0.009443
0.222022
0.171413
0.980194
0.009003
0.296204
0.273692
0.965098
0.003042
0.009223
0.023422
0.957098
0.948427
0.998894
0.177090
0.036401
0.022866
0.060400
0.989497
0.390177
0.950236
0.115927
0.533030
0.805657
0.973298
0.052597
0.969182
0.081501
0.990061
0.997772
0.048494
0.016958
0.013988
0.979524
0.870755
0.908877
0.010832
0.998985
0.864647
0.974163
0.914119
0.984126
0.000076
0.000798
0.679843
0.614548
0.335410
0.006338
0.987401
0.003002
0.924100
0.992477
0.024791
0.289503
0.310727
0.052092
0.813442
0.896164
0.903124
0.946005
0.718923
0.850696
0.942057
0.874618
0.000972
0.994837
0.999055
0.323705
0.903201
0.002453
0.707549
0.020438
0.010255
0.305768
0.438021
0.986300
0.471799
0.001691
0.223845
0.018782
0.977149
0.440587
0.002456
0.537718
0.371343
0.933931
0.001953
0.744054
0.055729
0.121078
0.964970
0.760699
0.721942
0.867978
0.852096
0.030983
0.079383
0.973214
0.984307
0.009173
0.032533
0.014069
0.954797
0.007645
0.004526
0.509710
0.224294
0.985157
0.002249
0.525316
0.980776
0.781022
0.143231
0.998946
0.002343
0.876167
0.949354
0.010902
0.040875
0.266928
0.048902
0.009074
0.320453
0.512941
0.442664
0.001269
0.001769
0.155069
0.230953
0.979093
0.937168
0.115892
0.997674
0.018981
0.972063
0.534973
0.414432
0.979748
0.998684
0.010965
0.000251
0.368947
0.263851
0.172736
0.915556
0.981541
0.000919
0.039862
0.482524
0.568712
0.895683
0.875909
0.051498
0.999358
0.680891
0.523127
0.982936
0.998862
0.997374
0.962453
0.000054
0.160408
0.015445
0.003395
0.103886
0.463016
0.980020
0.197943
0.998284
0.939075
0.020199
0.961602
0.018480
0.180208
0.750769
0.201083
0.082361
0.997031
0.981485
0.987582
0.116026
0.000470
0.839961
0.811693
0.749313
0.794616
0.995155
0.205848
0.992600
0.931738
0.122630
0.458928
0.130987
0.996775
0.937818
0.974895
0.956833
0.982118
0.052791
0.678501
0.003267
0.008529
0.983704
0.012391
0.029738
0.009386
0.976311
0.077142
0.209578
0.029403
0.988818
0.103082
0.703888
0.107957
0.046528
0.035414
0.022538
0.122963
0.375676
0.996567
0.417872
0.005796
0.063472
0.029412
0.968607
0.790509
0.975628
0.007718
0.000184
0.502991
0.001535
0.979070
0.052900
0.723323
0.357373
0.012654
0.625531
0.004534
0.431132
0.003609
0.097769
0.982610
0.998369
0.965399
0.971427
0.001431
0.000821
0.977598
0.660776
0.996593
0.952727
0.418286
0.033850
0.994204
0.001343
0.998182
0.977373
0.072821
0.000271
0.995743
0.581359
0.976251
0.979253
0.999414
0.000163
0.361816
0.005451
0.091452
0.996643
0.062361
0.024879
0.095510
0.166406
0.841315
0.187324
0.996014
0.993297
0.984979
0.207375
0.918944
0.892720
0.064691
0.038703
0.997072
0.072269
0.143094
0.000666
0.812618
0.884038
0.813500
0.006996
0.166491
0.862945
0.445195
0.999500
0.993446
0.001495
0.202303
0.002955
0.890827
0.515338
0.001510
0.052594
0.764535
0.005123
0.980309
0.284895
0.836242
0.057203
0.000622
0.708003
0.332521
0.966514
0.029076
0.984632
0.966137
0.998982
0.302674
0.000042
0.979624
0.993550
0.001279
0.442070
0.997446
0.019529
0.979160
0.363469
0.017440
0.107325
0.193627
0.037291
0.097863
0.175161
0.832870
0.003115
0.030718
0.981584
0.021035
0.867733
0.000757
0.995967
0.985174
0.142463
0.996219
0.547772
0.006031
0.986065
0.973680
0.114304
0.960346
0.123926
0.118845
0.124546
0.872698
0.043081
0.950341
0.989473
0.000968
0.959808
0.978326
0.104485
0.899322
0.002466
0.109878
0.993211
0.022447
0.008391
0.007986
0.189092
0.985245
0.995785
0.224832
0.651464
0.907883
0.125951
0.008493
0.944702
0.008083
0.015807
0.077331
0.027867
0.000252
0.959894
0.359355
0.052538
0.000973
0.994582
0.990050
0.930015
0.990209
0.992726
0.576413
0.197464
0.353948
0.976267
0.000116
0.151016
0.355881
0.962363
0.002627
0.988258
0.975244
0.000608
0.909041
0.062541
0.171523
0.001036
0.960586
0.972778
0.920164
0.068018
0.212718
0.856675
0.764473
0.255372
0.987378
0.964645
0.714208
0.960197
0.007076
0.010893
0.046191
0.555509
0.073098
0.005213
0.018638
0.018705
0.292698
0.778680
0.062756
0.144112
0.068297
0.998667
0.987178
0.269089
0.036595
0.996811
0.989254
0.886137
0.025451
0.309554
0.780537
0.974672
0.845858
0.955253
0.667047
0.991084
0.000896
0.065864
0.714254
0.832968
0.861079
0.203367
0.000199
0.272086
0.080000
0.012463
0.146665
0.526559
0.939304
0.009153
0.881730
0.141270
0.092321
0.917739
0.984757
0.965507
0.047976
0.000231
0.033232
0.161987
0.449386
0.355793
0.001005
0.942880
0.026186
0.010043
0.789870
0.998005
0.079709
0.021533
0.000007
0.015677
0.993441
0.775129
0.693480
0.010220
0.629213
0.099445
0.976276
0.830617
0.956446
0.079582
0.996439
0.983333
0.956212
0.005882
0.938953
0.005177
0.870888
0.992731
0.008684
0.000912
0.989254
0.685251
0.002147
0.074215
0.011950
0.420390
0.140370
0.190505
0.902954
0.987041
0.976351
0.991992
0.992946
0.996833
0.081249
0.991026
0.819339
0.593983
0.514309
0.006517
0.089893
0.707071
0.746356
0.259281
0.215826
0.031870
0.125610
0.030673
0.004678
0.856295
0.935661
0.519181
0.787593
0.950404
0.059811
0.081529
0.483656
0.998668
0.000188
0.125215
0.972328
0.135174
0.967517
0.991641
0.975244
0.910436
0.004162
0.096206
0.924041
0.930238
0.975534
0.978331
0.834146
0.122650
0.996108
0.334073
0.081439
0.002845
0.005889
0.996725
0.041048
0.251206
0.014135
0.029530
0.993742
0.976169
0.011162
0.237657
0.214823
0.989412
0.959148
0.756396
0.994557
0.802195
0.573825
0.013022
0.802939
0.988653
0.985199
0.969432
0.003518
0.995514
0.998243
0.084959
0.234444
0.242726
0.056095
0.549351
0.978233
0.896964
0.991947
0.362215
0.997648
0.243386
0.964130
0.001785
0.003391
0.682551
0.073854
0.034493
0.850872
0.010432
0.005036
0.994271
0.996396
0.399894
0.159773
0.000487
0.017725
0.135374
0.019444
0.980610
0.942132
0.032062
0.997806
0.002294
0.132338
0.545124
0.005095
0.030538
0.215979
0.856013
0.995328
0.777815
0.302985
0.026090
0.844685
0.941105
0.025027
0.006711
0.998590
0.896796
0.035792
0.669361
0.936628
0.515775
0.515937
0.949216
0.051265
0.200829
0.992309
0.277648
0.989683
0.992069
0.831858
0.978931
0.007934
0.962545
0.082266
0.993565
0.650162
0.998290
0.081485
0.015910
0.011026
0.000756
0.411674
0.316604
0.959896
0.979136
0.070149
0.794597
0.001410
0.974384
0.347895
0.711712
0.958262
0.005036
0.014034
0.009829
0.469012
0.748795
0.000360
0.164031
0.987171
0.004961
0.998895
0.983690
0.063578
0.992913
0.014838
0.996559
0.984392
0.190057
0.982866
0.992454
0.832815
0.881699
0.195517
0.986039
0.874824
0.911539
0.987450
0.197240
0.932998
0.500298
0.146408
0.795221
0.192361
0.021968
0.600025
0.091442
0.005883
0.982512
0.443296
0.991092
0.581372
0.000476
0.766829
0.997957
0.999315
0.360055
0.147168
0.997980
0.652770
0.896871
0.204108
0.997390
0.166119
0.076662
0.026568
0.887870
0.987804
0.481168
0.986714
0.957392
0.056516
0.258031
0.377379
0.043887
0.993840
0.823287
0.960833
0.839842
0.994304
0.383437
0.964768
0.022783
0.000668
0.318578
0.906425
0.036038
0.997626
0.997152
0.995680
0.956932
0.250820
0.006740
0.589481
0.994459
0.954717
0.655374
0.854266
0.999496
0.974783
0.194303
0.058147
0.008501
0.007818
0.017115
0.021707
0.998584
0.046266
0.002526
0.910986
0.809720
0.449194
0.843443
0.083707
0.922411
0.019029
0.747567
0.509640
0.986698
0.693647
0.050958
0.133089
0.010827
0.081883
0.268567
0.673841
0.765872
0.675049
0.245503
0.203641
0.776331
0.005497
0.127038
0.995199
0.952486
0.002632
0.878643
0.051335
0.000761
0.000840
0.974843
0.000232
0.748426
0.069729
0.050113
0.122147
0.555443
0.993266
0.397329
0.994766
0.012181
0.248903
0.066716
0.994681
0.910386
0.977750
0.706930
0.797561
0.995562
0.006553
0.902287
0.342972
0.186663
0.794805
0.005485
0.113825
0.708354
0.967852
0.002006
0.013116
0.940665
0.996147
0.993501
0.939880
0.504628
0.021149
0.999328
0.002137
0.164208
0.661920
0.895257
0.976368
0.154436
0.920095
0.962097
0.990249
0.976309
0.623828
0.049654
0.998035
0.400753
0.988974
0.027699
0.030532
0.925425
0.266254
0.998958
0.212358
0.787036
0.931006
0.007521
0.996604
0.468358
0.999711
0.277566
0.992874
0.084771
0.997497
0.272866
0.995889
0.963820
0.227202
0.037088
0.991679
0.001755
0.982240
0.000123
0.086836
0.406369
0.810270
0.925515
0.310884
0.978607
0.974946
0.005607
0.172635
0.998955
0.000413
0.056989
0.970951
0.270007
0.996588
0.090695
0.085748
0.012742
0.811438
0.014646
0.062700
0.037131
0.036421
0.369150
0.998140
0.126446
0.964859
0.003853
0.265738
0.029570
0.983180
0.076000
0.297244
0.990184
0.943758
0.172181
0.857552
0.930217
0.010818
0.926719
0.754233
0.989454
0.537513
0.127096
0.998969
0.066236
0.982595
0.823840
0.001469
0.997787
0.821342
0.938793
0.057922
0.798167
0.575366
0.226365
0.000204
0.765435
0.999843
0.973480
0.767938
0.001907
0.054803
0.120525
0.092279
0.992208
0.468815
0.755903
0.829471
0.004261
0.020274
0.511126
0.376221
0.997567
0.025263
0.698588
0.988435
0.009322
0.934836
0.000169
0.161792
0.985466
0.002726
0.004458
0.864723
0.002038
0.004936
0.970599
0.978458
0.993560
0.892881
0.177727
0.965977
0.076848
0.103977
0.733351
0.107285
0.752498
0.972627
0.995161
0.977142
0.080537
0.005308
0.980194
0.080440
0.922093
0.889179
0.344003
0.986910
0.034919
0.038584
0.000662
0.017000
0.208283
0.141448
0.053285
0.982153
0.042478
0.959889
0.054593
0.865330
0.984853
0.979603
0.971104
0.255750
0.125585
0.002069
0.984477
0.024605
0.979078
0.075897
0.111596
0.924911
0.818526
0.980393
0.868434
0.506550
0.941266
0.005938
0.917481
0.635758
0.997256
0.307391
0.166170
0.076880
0.997512
0.935193
0.039719
0.992493
0.070838
0.226094
0.666232
0.987901
0.094293
0.809874
0.221847
0.995223
0.999629
0.074024
0.889162
0.168250
0.964354
0.997402
0.874728
0.461709
0.410206
0.990838
0.033817
0.517538
0.998906
0.020317
0.997302
0.972441
0.454365
0.994181
0.013129
0.005411
0.156934
0.210639
0.975753
0.986184
0.959724
0.988900
0.959199
0.014813
0.985572
0.015550
0.998345
0.992281
0.003041
0.214471
0.997956
0.979044
0.149556
0.964915
0.998405
0.966217
0.998448
0.963046
0.002906
0.004303
0.372854
0.003685
0.994448
0.835244
0.993110
0.025087
0.989936
0.015526
0.962244
0.981556
0.956068
0.008915
0.054403
0.998638
0.000899
0.000858
0.060010
0.870168
0.002237
0.555059
0.009479
0.241840
0.002263
0.005551
0.977323
0.997769
0.994017
0.031543
0.337868
0.012211
0.007559
0.991453
0.998715
0.002762
0.881719
0.526802
0.235272
0.006248
0.078874
0.014710
0.104117
0.977354
0.983505
0.513834
0.088273
0.866962
0.940678
0.963873
0.106071
0.999126
0.725737
0.696498
0.213421
0.033994
0.027904
0.786205
0.028247
0.989472
0.007422
0.000775
0.586726
0.096672
0.981770
0.004291
0.994424
0.528554
0.148556
0.023916
0.957741
0.942401
0.978310
0.949750
0.991688
0.033160
0.004452
0.998232
0.968514
0.044084
0.972393
0.083324
0.992762
0.987843
0.005190
0.988857
0.992830
0.197562
0.909297
0.080698
0.426603
0.142566
0.003537
0.980656
0.169850
0.014902
0.000944
0.157258
0.929184
0.912525
0.075795
0.005806
0.258772
0.998549
0.954703
0.922923
0.544236
0.992630
0.082689
0.374192
0.290736
0.884038
0.176385
0.001254
0.640883
0.007599
0.749590
0.721649
0.104035
0.092458
0.337510
0.990212
0.027444
0.932726
0.116265
0.076837
0.642012
0.277570
0.965807
0.459513
0.221010
0.984315
0.988424
0.137100
0.834363
0.994161
0.001344
0.022644
0.111610
0.046993
0.351554
0.032810
0.099701
0.996924
0.486929
0.948424
0.987501
0.994919
0.007710
0.194206
0.819813
0.050005
0.089906
0.955875
0.999053
0.996294
0.463471
0.980769
0.096800
0.277184
0.980414
0.997756
0.103763
0.996307
0.867903
0.034654
0.892802
0.062921
0.002137
0.544276
0.515767
0.995829
0.969651
0.010198
0.221973
0.056401
0.940176
0.119250
0.998170
0.008864
0.997207
0.999005
0.554411
0.993837
0.001917
0.371022
0.464180
0.986053
0.920516
0.995178
0.966045
0.261820
0.995749
0.002729
0.000416
0.002624
0.768147
0.306929
0.175747
0.233334
0.393061
0.007114
0.020483
0.000657
0.979893
0.172218
0.797972
0.997129
0.806768
0.013592
0.996808
0.004008
0.075138
0.979692
0.995274
0.207210
0.251847
0.956083
0.830546
0.734807
0.508412
0.008134
0.186143
0.941076
0.063741
0.658328
0.013290
0.924716
0.496905
0.001258
0.904512
0.992052
0.201193
0.085843
0.017334
0.977097
0.979188
0.915815
0.016531
0.101843
0.949325
0.018051
0.182854
0.968311
0.933202
0.456825
0.997802
0.164553
0.867089
0.008161
0.962601
0.031084
0.035007
0.956340
0.003242
0.623031
0.010212
0.295090
0.375242
0.996878
0.382381
0.047192
0.042729
0.816320
0.957917
0.982616
0.613291
0.883063
0.190048
0.028952
0.969134
0.589796
0.074898
0.252040
0.128009
0.954517
0.068281
0.973276
0.996964
0.003403
0.729943
0.997867
0.000516
0.971542
0.038236
0.136323
0.873763
0.879284
0.947682
0.975159
0.001971
0.060373
0.793108
0.244350
0.889340
0.988939
0.000245
0.002546
0.020333
0.969079
0.626346
0.209080
0.351620
0.226604
0.075317
0.044905
0.160597
0.829407
0.955022
0.001063
0.014665
0.011306
0.936306
0.952777
0.007167
0.055411
0.012734
0.067875
0.003436
0.900055
0.431339
0.983367
0.047166
0.099173
0.218712
0.601254
0.548790
0.732583
0.942817
0.947455
0.017026
0.790344
0.119234
0.999404
0.601703
0.989460
0.290393
0.114185
0.982593
0.570572
0.003173
0.869895
0.002221
0.088667
0.100632
0.991027
0.069982
0.319978
0.032373
0.259442
0.996598
0.994921
0.110148
0.213447
0.990254
0.660785
0.708949
0.978103
0.235837
0.063348
0.090746
0.524944
0.999508
0.112940
0.061862
0.112888
0.988260
0.991222
0.911058
0.950316
0.987555
0.931521
0.286114
0.215346
0.003033
0.936865
0.108447
0.982170
0.161441
0.258563
0.375921
0.827164
0.026038
0.999721
0.986649
0.150155
0.016815
0.163381
0.782045
0.953447
0.986717
0.095495
0.998615
0.697373
0.005923
0.089560
0.996007
0.966367
0.066578
0.034046
0.169572
0.009835
0.966194
0.080131
0.002763
0.549901
0.981020
0.046145
0.749034
0.954774
0.105688
0.913890
0.009109
0.463856
0.999278
0.995381
0.416163
0.997244
0.942865
0.053292
0.862430
0.691943
0.967321
0.027383
0.929647
0.956733
0.950107
0.013924
0.909430
0.001332
0.104185
0.258177
0.100996
0.998935
0.011676
0.982704
0.704703
0.006717
0.060084
0.805498
0.089017
0.038890
0.775778
0.709185
0.979891
0.011099
0.074974
0.980657
0.998818
0.054163
0.934988
0.098678
0.105966
0.978577
0.007436
0.003798
0.001572
0.993481
0.023245
0.004185
0.934188
0.000341
0.141768
0.465158
0.721588
0.001152
0.019236
0.329024
0.957694
0.812388
0.050769
0.826604
0.031811
0.020419
0.976889
0.001146
0.630192
0.991139
0.964021
0.909518
0.934996
0.823234
0.981210
0.116958
0.053560
0.329532
0.196257
0.004643
0.996569
0.999122
0.933906
0.024603
0.248566
0.948989
0.014148
0.985976
0.368299
0.031547
0.962614
0.147703
0.617813
0.573848
0.998296
0.026705
0.982529
0.018052
0.599472
0.000251
0.120246
0.018965
0.946117
0.031796
0.945685
0.607438
0.011063
0.018813
0.027868
0.661904
0.929201
0.561858
0.541920
0.652909
0.813890
0.942448
0.997730
0.995816
0.000463
0.001130
0.998607
0.989894
0.019809
0.362972
0.211606
0.024885
0.989953
0.000391
0.014908
0.913287
0.977482
0.948914
0.359895
0.038498
0.308302
0.992816
0.990491
0.979246
0.473298
0.640294
0.004310
0.030403
0.942393
0.586488
0.019931
0.965060
0.127758
0.007323
0.000040
0.883496
0.065657
0.972871
0.999874
0.081134
0.964529
0.974373
0.011870
0.000232
0.645452
0.059968
0.455393
0.997380
0.083082
0.170551
0.285205
0.911362
0.773367
0.026910
0.626397
0.451673
0.081656
0.000294
0.815854
0.984261
0.965940
0.985455
0.991742
0.987423
0.078192
0.893855
0.987717
0.842727
0.917523
0.658502
0.965909
0.486377
0.996777
0.017238
0.568544
0.774181
0.172773
0.954051
0.037857
0.520439
0.897813
0.973663
0.017405
0.185989
0.101800
0.965545
0.148768
0.986199
0.280003
0.514013
0.010823
0.001194
0.980287
0.094637
0.994730
0.058255
0.120066
0.026404
0.033343
0.246562
0.063787
0.000292
0.000604
0.933924
0.958394
0.947354
0.995856
0.059423
0.995611
0.322068
0.993443
0.014879
0.065536
0.000445
0.035024
0.991113
0.804360
0.832583
0.126151
0.006408
0.279650
0.000168
0.155738
0.985844
0.983709
0.031537
0.876271
0.834040
0.046878
0.963544
0.051474
0.683303
0.966703
0.043557
0.202868
0.998653
0.893461
0.999416
0.030256
0.919651
0.732799
0.707386
0.036025
0.998553
0.998528
0.987851
0.998827
0.440851
0.286867
0.150247
0.991857
0.520090
0.152717
0.630019
0.988449
0.880232
0.852989
0.836484
0.009767
0.636290
0.982793
0.977421
0.002222
0.997097
0.015824
0.949717
0.119051
0.283281
0.987125
0.126803
0.867854
0.003092
0.697143
0.750643
0.012977
0.018961
0.002270
0.000778
0.180914
0.998706
0.943090
0.539308
0.823557
0.018130
0.028424
0.020628
0.000078
0.171176
0.014827
0.918888
0.935973
0.920278
0.386301
0.002982
0.940596
0.937823
0.678630
0.002148
0.091376
0.998537
0.200126
0.521877
0.461158
0.001294
0.757835
0.997927
0.321554
0.206249
0.965763
0.934290
0.711411
0.075781
0.013581
0.002480
0.132876
0.000312
0.965809
0.163654
0.850175
0.008424
0.102530
0.981625
0.000627
0.996619
0.349343
0.963517
0.265311
0.315777
0.000309
0.921764
0.115301
0.982279
0.002584
0.017687
0.005286
0.304877
0.988211
0.917688
0.056986
0.013304
0.997951
0.965472
0.997919
0.450318
0.120344
0.008544
0.997255
0.955691
0.000197
0.377624
0.000908
0.964687
0.620138
0.248949
0.912796
0.997568
0.799397
0.623348
0.997762
0.005623
0.039660
0.136107
0.397556
0.948294
0.926068
0.972030
0.215657
0.004040
0.739703
0.994101
0.386246
0.947155
0.937205
0.000134
0.995076
0.011408
0.947382
0.987149
0.794735
0.029284
0.184244
0.000075
0.018325
0.000526
0.215707
0.004270
0.831275
0.456315
0.026916
0.126543
0.994950
0.048574
0.992779
0.027417
0.148472
0.083439
0.002172
0.012000
0.357623
0.906163
0.925842
0.034797
0.631303
0.567563
0.403262
0.219685
0.005690
0.958295
0.007464
0.987456
0.313411
0.260288
0.976984
0.930257
0.001762
0.986982
0.992227
0.356037
0.134467
0.003354
0.565280
0.032924
0.010322
0.005348
0.173152
0.872433
0.768655
0.045190
0.115203
0.001853
0.869395
0.848997
0.995600
0.360467
0.814060
0.007751
0.245784
0.500127
0.903961
0.003081
0.471344
0.037291
0.985974
0.999470
0.400206
0.114856
0.990632
0.007865
0.001362
0.946598
0.993567
0.988766
0.972069
0.437320
0.015708
0.011146
0.993389
0.382614
0.000670
0.753036
0.031102
0.003477
0.038220
0.016982
0.000012
0.966582
0.022451
0.971804
0.026248
0.047450
0.922344
0.417961
0.992292
0.993223
0.248208
0.961739
0.995874
0.087783
0.034892
0.982193
0.883141
0.996714
0.786637
0.982732
0.179344
0.136481
0.020218
0.944812
0.095090
0.505961
0.010976
0.054000
0.987393
0.331932
0.984297
0.992653
0.841205
0.001490
0.992912
0.018959
0.894764
0.937347
0.993360
0.082741
0.007030
0.875115
0.986703
0.124856
0.614254
0.208315
0.000868
0.521142
0.002466
0.006546
0.534607
0.707387
0.219660
0.170968
0.046540
0.724172
0.694946
0.094612
0.258944
0.897114
0.931677
0.855738
0.002069
0.747440
0.058282
0.908119
0.336791
0.988341
0.641343
0.004934
0.070028
0.996108
0.085684
0.979303
0.004443
0.995532
0.161859
0.965444
0.766332
0.074847
0.019335
0.126118
0.168350
0.000712
0.985416
0.966975
0.880682
0.916106
0.681468
0.882889
0.077568
0.901394
0.884451
0.102120
0.002100
0.986643
0.045104
0.979570
0.218939
0.031987
0.992704
0.010474
0.971423
0.112579
0.550005
0.691173
0.943493
0.432301
0.057797
0.036397
0.040917
0.003291
0.997209
0.977204
0.961964
0.002482
0.043306
0.954896
0.577674
0.987383
0.001939
0.018464
0.965278
0.672557
0.689676
0.168129
0.985944
0.994702
0.689705
0.592791
0.907908
0.029444
0.914364
0.995372
0.922668
0.054344
0.653224
0.290669
0.991150
0.029825
0.706294
0.984733
0.188245
0.497615
0.015170
0.242268
0.997527
0.945737
0.175596
0.935884
0.994134
0.981811
0.003110
0.969561
0.004029
0.018051
0.307389
0.996858
0.999356
0.701786
0.074438
0.123904
0.017857
0.041884
0.875056
0.094735
0.933773
0.072339
0.001014
0.226762
0.962986
0.996550
0.935950
0.406532
0.007586
0.425242
0.999846
0.324616
0.056128
0.000272
0.602745
0.996317
0.003445
0.998911
0.943781
0.216639
0.015843
0.109122
0.267069
0.994725
0.996645
0.039338
0.031783
0.981314
0.996531
0.179378
0.300706
0.997760
0.162005
0.990782
0.067196
0.002459
0.006864
0.936203
0.036168
0.246593
0.028763
0.443464
0.997133
0.932507
0.261927
0.010471
0.042067
0.005065
0.127964
0.996401
0.982822
0.125597
0.696275
0.000164
0.002131
0.951839
0.000824
0.528741
0.214563
0.856007
0.005051
0.107253
0.016222
0.999255
0.018890
0.061101
0.935192
0.298552
0.984530
0.990687
0.056316
0.486726
0.098511
0.170368
0.996195
0.013238
0.283581
0.972315
0.634046
0.942335
0.043168
0.993902
0.204479
0.010002
0.182086
0.922540
0.674050
0.049631
0.996568
0.000180
0.009512
0.151610
0.337253
0.010950
0.822280
0.975781
0.041875
0.892825
0.867712
0.997390
0.974478
0.964994
0.509770
0.919222
0.021305
0.026680
0.040070
0.468393
0.027048
0.938963
0.289966
0.010601
0.993087
0.232222
0.989184
0.458476
0.049418
0.994468
0.090167
0.001447
0.355275
0.998423
0.965114
0.992192
0.336718
0.161067
0.003445
0.002821
0.005858
0.714518
0.024363
0.675976
0.989565
0.974615
0.997359
0.614669
0.085928
0.922217
0.919896
0.997672
0.998949
0.025298
0.827609
0.985189
0.001805
0.901003
0.007033
0.004235
0.028025
0.894183
0.003142
0.019363
0.090705
0.024278
0.006688
0.120967
0.998794
0.993864
0.972923
0.243146
0.002975
0.682854
0.340210
0.019122
0.995779
0.979696
0.994494
0.324792
0.982520
0.751775
0.993576
0.052566
0.995338
0.994409
0.892377
0.532382
0.115529
0.002759
0.205336
0.994358
0.016683
0.020002
0.000224
0.909715
0.987307
0.974782
0.933445
0.068432
0.293272
0.969255
0.258658
0.950979
0.011201
0.078143
0.872065
0.942416
0.971207
0.004130
0.981374
0.307498
0.828557
0.001584
0.959284
0.001438
0.025721
0.526497
0.007777
0.692996
0.530167
0.225683
0.336242
0.950770
0.989132
0.031174
0.705868
0.005005
0.947771
0.399661
0.643691
0.060831
0.000053
0.038381
0.085122
0.966824
0.013323
0.979221
0.992179
0.911761
0.156509
0.981505
0.126575
0.060308
0.947084
0.781267
0.735217
0.969553
0.997322
0.933473
0.180482
0.826189
0.000344
0.031352
0.068313
0.920248
0.064608
0.079684
0.006284
0.995680
0.989783
0.001425
0.174098
0.735692
0.184429
0.941706
0.861504
0.009454
0.000517
0.030627
0.546501
0.927640
0.141559
0.926936
0.045767
0.129055
0.837910
0.986003
0.004220
0.997778
0.093302
0.980868
0.004204
0.945610
0.993051
0.998508
0.001613
0.927256
0.186171
0.981372
0.983709
0.653158
0.845794
0.938237
0.713427
0.993295
0.004059
0.908780
0.145394
0.990835
0.907563
0.005624
0.026493
0.992108
0.033352
0.039211
0.019931
0.041372
0.137015
0.038042
0.996263
0.982604
0.115776
0.003256
0.990417
0.121174
0.985274
0.842933
0.904278
0.996591
0.992979
0.832737
0.994040
0.985521
0.999952
0.932154
0.050518
0.542454
0.955833
0.994094
0.273775
0.215221
0.354582
0.376377
0.024137
0.154492
0.000877
0.150453
0.126295
0.036982
0.554372
0.010869
0.170502
0.059680
0.219249
0.087278
0.337834
0.998222
0.185470
0.023840
0.997903
0.959144
0.870226
0.057464
0.994990
0.990999
0.001417
0.926652
0.025564
0.657796
0.811707
0.608318
0.344948
0.011334
0.995470
0.368504
0.012944
0.033242
0.963183
0.941352
0.577065
0.025633
0.968872
0.649467
0.486653
0.601971
0.344848
0.109366
0.838912
0.030041
0.895747
0.733236
0.013713
0.630345
0.943436
0.960395
0.001730
0.279526
0.204666
0.128212
0.184910
0.024101
0.393359
0.912201
0.862425
0.026449
0.801665
0.013620
0.003523
0.995212
0.998931
0.849679
0.970791
0.998444
0.034424
0.268698
0.020569
0.010199
0.003821
0.979171
0.598560
0.036139
0.467851
0.997765
0.888107
0.799286
0.954331
0.696507
0.912698
0.620951
0.942690
0.944491
0.004525
0.077812
0.576615
0.936029
0.122468
0.998741
0.903598
0.232672
0.989211
0.773194
0.009317
0.992827
0.108048
0.038517
0.937728
0.983334
0.875268
0.989837
0.794784
0.051925
0.916656
0.201544
0.922705
0.507341
0.007322
0.786476
0.974668
0.873739
0.297884
0.032480
0.790028
0.713161
0.570302
0.207854
0.009960
0.269770
0.980802
0.020408
0.017836
0.805545
0.940336
0.058557
0.976835
0.982907
0.016286
0.192778
0.946762
0.998707
0.256305
0.968807
0.317159
0.033148
0.975875
0.042863
0.006833
0.142715
0.943450
0.171206
0.518029
0.715919
0.538673
0.987158
0.987508
0.973608
0.002190
0.773676
0.167226
0.336248
0.996812
0.175895
0.267527
0.072118
0.151627
0.992630
0.072969
0.217537
0.837883
0.990707
0.977145
0.002392
0.997109
0.985576
0.068193
0.586410
0.795843
0.003085
0.370713
0.572768
0.003505
0.993910
0.624183
0.998948
0.989649
0.000261
0.995725
0.995262
0.568731
0.919425
0.364552
0.856158
0.958339
0.047774
0.891904
0.000503
0.999124
0.984504
0.088651
0.032953
0.500772
0.042925
0.850207
0.382976
0.998533
0.011941
0.919790
0.038653
0.147108
0.669428
0.729128
0.034669
0.929086
0.052098
0.069881
0.952385
0.124435
0.774709
0.008649
0.111014
0.007471
0.580338
0.309015
0.025681
0.534404
0.267065
0.923541
0.427803
0.009403
0.979083
0.411500
0.969027
0.247558
0.219342
0.213325
0.156958
0.013374
0.952572
0.523002
0.028750
0.040719
0.262465
0.004380
0.962047
0.995796
0.158135
0.027330
0.039032
0.985965
0.919230
0.298011
0.991135
0.954904
0.024104
0.943181
0.057263
0.983161
0.341414
0.970088
0.585678
0.984291
0.001500
0.717822
0.153135
0.368184
0.134917
0.126887
0.000033
0.134784
0.804302
0.126602
0.228988
0.999320
0.040679
0.947534
0.904272
0.938860
0.975381
0.990854
0.987370
0.013316
0.601232
0.965271
0.960036
0.591858
0.975255
0.938023
0.014230
0.612799
0.890623
0.346110
0.138203
0.014768
0.022522
0.367875
0.100064
0.972398
0.297131
0.332900
0.801587
0.970802
0.155934
0.125042
0.753105
0.037970
0.931334
0.990544
0.040239
0.040939
0.459776
0.931801
0.136719
0.153692
0.003757
0.973272
0.960829
0.321593
0.022121
0.603018
0.608281
0.044970
0.001196
0.258355
0.020062
0.002862
0.999757
0.417253
0.189618
0.000497
0.004753
0.508272
0.000782
0.540391
0.009917
0.026501
0.859860
0.218743
0.546599
0.529952
0.046286
0.011137
0.968059
0.431203
0.035006
0.995030
0.970533
0.083798
0.954514
0.973917
0.043085
0.040621
0.000270
0.973127
0.018171
0.106042
0.049667
0.827803
0.849311
0.205609
0.011129
0.998201
0.879458
0.068445
0.480387
0.053490
0.284961
0.991642
0.883279
0.261246
0.068776
0.992275
0.808896
0.971907
0.427452
0.316492
0.053438
0.982388
0.053532
0.008886
0.965356
0.835203
0.255146
0.992529
0.009629
0.026014
0.959953
0.912918
0.053099
0.003954
0.006731
0.990895
0.923732
0.000797
0.760198
0.999007
0.953297
0.152926
0.000926
0.999225
0.819844
0.539320
0.650346
0.128434
0.016157
0.103146
0.980599
0.000535
0.168720
0.044819
0.003470
0.992202
0.462828
0.995510
0.910902
0.014353
0.239127
0.459511
0.994588
0.155038
0.267763
0.998874
0.988853
0.989895
0.290507
0.134555
0.967918
0.372592
0.156331
0.098772
0.009846
0.099395
0.001245
0.952102
0.004567
0.991334
0.989694
0.976887
0.951544
0.997290
0.266181
0.004370
0.111330
0.435802
0.006977
0.731735
0.007217
0.773766
0.997743
0.354980
0.968782
0.034048
0.970002
0.157638
0.859476
0.296090
0.067336
0.923011
0.973032
0.074337
0.956764
0.982482
0.948650
0.985387
0.073833
0.005463
0.494094
0.247683
0.007173
0.844315
0.350930
0.781711
0.565618
0.055898
0.998073
0.020463
0.352474
0.498320
0.266952
0.043678
0.996866
0.820609
0.563419
0.998333
0.022601
0.024306
0.142748
0.993667
0.367322
0.960697
0.009262
0.057939
0.938712
0.980370
0.611750
0.997065
0.252267
0.034504
0.171881
0.006077
0.033449
0.969767
0.999387
0.814921
0.000079
0.952372
0.037360
0.601474
0.988260
0.997279
0.002893
0.858216
0.003987
0.944799
0.999638
0.003730
0.855766
0.877237
0.972603
0.091898
0.000974
0.652838
0.043813
0.139120
0.886757
0.834765
0.148133
0.160906
0.811523
0.975081
0.002784
0.009551
0.984745
0.041927
0.285249
0.158246
0.156859
0.720556
0.996724
0.072941
0.992403
0.228103
0.123170
0.000717
0.165515
0.785666
0.843965
0.026921
0.998662
0.000109
0.268987
0.024609
0.999542
0.981013
0.015433
0.088372
0.989860
0.982955
0.480013
0.005818
0.997814
0.635024
0.295147
0.344245
0.299735
0.002408
0.076399
0.004970
0.026506
0.001769
0.801109
0.069728
0.994723
0.767868
0.964147
0.981522
0.327280
0.792334
0.944325
0.046627
0.031784
0.897722
0.085301
0.334122
0.000211
0.259042
0.854565
0.998469
0.009411
0.990318
0.969322
0.288057
0.208111
0.237161
0.013255
0.995083
0.994748
0.949366
0.572629
0.996665
0.780693
0.023021
0.987625
0.836816
0.003847
0.990283
0.022219
0.000957
0.112901
0.038761
0.909495
0.048223
0.968605
0.001321
0.993008
0.051815
0.008449
0.971064
0.001882
0.973162
0.003316
0.997821
0.928552
0.053212
0.994956
0.826511
0.915238
0.067369
0.008203
0.076141
0.008038
0.852111
0.159001
0.353764
0.956215
0.427331
0.996063
0.006344
0.403404
0.037812
0.000226
0.014579
0.663075
0.499844
0.019312
0.913039
0.035136
0.054735
0.034334
0.820584
0.329569
0.999789
0.994050
0.106780
0.707005
0.972586
0.000790
0.985056
0.739827
0.005950
0.129715
0.999710
0.442862
0.998466
0.056209
0.938929
0.077024
0.593586
0.691887
0.002011
0.936121
0.176258
0.969618
0.008769
0.976687
0.997690
0.152328
0.948615
0.704015
0.002927
0.000288
0.817782
0.865738
0.334911
0.003672
0.037366
0.991665
0.017925
0.060559
0.190322
0.699727
0.005479
0.996979
0.150173
0.861110
0.561190
0.818426
0.952826
0.557746
0.020361
0.000418
0.003782
0.313580
0.005151
0.195506
0.556555
0.064657
0.176177
0.745255
0.747616
0.000845
0.143172
0.980101
0.406892
0.485699
0.017511
0.007460
0.990455
0.987781
0.123402
0.000986
0.560040
0.766816
0.488312
0.000499
0.986662
0.998060
0.173065
0.001684
0.120539
0.335035
0.184793
0.004469
0.989235
0.099865
0.046361
0.036864
0.029123
0.998333
0.015104
0.965244
0.072391
0.990524
0.985872
0.004912
0.850399
0.009755
0.847230
0.400773
0.066776
0.048943
0.337173
0.776469
0.004044
0.911717
0.949932
0.240911
0.858271
0.009046
0.081363
0.366392
0.744775
0.859230
0.006605
0.006603
0.348697
0.995696
0.190708
0.818463
0.945848
0.073533
0.036073
0.591246
0.052742
0.998279
0.443875
0.998150
0.008288
0.999876
0.026821
0.990990
0.989206
0.224706
0.000153
0.351845
0.988339
0.774245
0.988642
0.942695
0.998820
0.343382
0.129012
0.965812
0.233280
0.222789
0.548879
0.997665
0.624326
0.017112
0.540358
0.219082
0.074057
0.991412
0.995973
0.989468
0.016065
0.992420
0.045608
0.816148
0.994426
0.009958
0.993584
0.987423
0.931043
0.992324
0.089145
0.993143
0.986662
0.146811
0.852796
0.068449
0.704891
0.996724
0.250643
0.106958
0.995356
0.969907
0.993829
0.138340
0.823322
0.000973
0.011160
0.988579
0.994159
0.078043
0.466709
0.998494
0.204424
0.003917
0.271652
0.998735
0.216823
0.861393
0.019882
0.031197
0.641630
0.985070
0.985779
0.011696
0.020777
0.943725
0.166669
0.021651
0.027528
0.987854
0.002260
0.971655
0.990142
0.995596
0.990279
0.976836
0.095310
0.921146
0.983026
0.840046
0.633982
0.127263
0.976251
0.008898
0.057892
0.073296
0.947965
0.298411
0.843128
0.057326
0.276820
0.003515
0.009771
0.887168
0.071860
0.599704
0.868856
0.930109
0.022667
0.992342
0.110602
0.010103
0.101257
0.006466
0.985549
0.610526
0.992870
0.652508
0.010718
0.127863
0.996559
0.976515
0.045730
0.666326
0.078209
0.922933
0.994611
0.997164
0.949232
0.992568
0.314086
0.320267
0.001326
0.001707
0.976675
0.137380
0.723497
0.997531
0.254561
0.276506
0.000821
0.001595
0.107812
0.998095
0.947866
0.203053
0.110450
0.981431
0.098115
0.990016
0.980424
0.982009
0.129342
0.071546
0.070635
0.995531
0.310506
0.905936
0.769528
0.994317
0.905298
0.050520
0.999837
0.085646
0.390763
0.882516
0.079465
0.998545
0.263125
0.932497
0.095279
0.018436
0.981476
0.230768
0.961038
0.433150
0.029279
0.042154
0.960919
0.980477
0.995889
0.131667
0.789680
0.988705
0.020539
0.995287
0.985579
0.992078
0.244538
0.284138
0.999548
0.970242
0.074926
0.976429
0.888407
0.847028
0.014607
0.302389
0.974496
0.002749
0.164725
0.303240
0.714510
0.633815
0.987869
0.628241
0.807814
0.915665
0.886771
0.598894
0.623785
0.518441
0.007345
0.929876
0.131499
0.059508
0.752944
0.988246
0.176736
0.932377
0.939732
0.002598
0.175586
0.002587
0.984783
0.933838
0.959630
0.965947
0.002311
0.917071
0.972359
0.002646
0.979025
0.599625
0.044185
0.000816
0.012296
0.715466
0.333870
0.986518
0.589844
0.801387
0.748688
0.089214
0.975840
0.995432
0.031787
0.936207
0.033653
0.890024
0.609009
0.004473
0.998315
0.032287
0.998072
0.854876
0.268732
0.965565
0.934097
0.939161
0.980189
0.712470
0.333213
0.011357
0.001710
0.966108
0.984634
0.004619
0.996109
0.800426
0.003468
0.997068
0.937265
0.029581
0.764516
0.740797
0.563028
0.215600
0.804540
0.002337
0.141855
0.269567
0.992337
0.973441
0.024222
0.144689
0.265443
0.002854
0.008226
0.247362
0.430949
0.881901
0.496465
0.861501
0.996605
0.205264
0.960466
0.314765
0.345129
0.273643
0.273411
0.022780
0.805630
0.980437
0.134047
0.086068
0.996601
0.856832
0.998391
0.194562
0.046310
0.979048
0.097166
0.204267
0.013296
0.993259
0.816270
0.996584
0.989193
0.020883
0.862513
0.266343
0.013371
0.107548
0.996424
0.637931
0.573936
0.026151
0.082750
0.000766
0.195181
0.854679
0.020574
0.281342
0.999135
0.995700
0.976671
0.997269
0.996547
0.933864
0.066976
0.002533
0.678421
0.132535
0.719797
0.004039
0.176502
0.813254
0.219286
0.713371
0.766411
0.905479
0.882787
0.003177
0.993962
0.020631
0.004525
0.134805
0.011671
0.041348
0.009314
0.989530
0.213372
0.090001
0.273517
0.600417
0.781240
0.964005
0.003828
0.088945
0.011020
0.991389
0.027610
0.993207
0.001687
0.995847
0.004364
0.771616
0.995704
0.961247
0.981195
0.125001
0.316248
0.092527
0.984396
0.271877
0.008668
0.752131
0.002523
0.408271
0.519566
0.686899
0.496980
0.978175
0.259400
0.011973
0.985972
0.005111
0.919768
0.051409
0.988724
0.002097
0.960525
0.014327
0.997295
0.074778
0.966821
0.399971
0.989709
0.287803
0.115947
0.999274
0.981445
0.059447
0.945819
0.922902
0.033868
0.007593
0.065836
0.994829
0.274852
0.005064
0.858545
0.086172
0.997485
0.041913
0.131117
0.038723
0.094748
0.184280
0.991640
0.301011
0.133516
0.978220
0.977609
0.072747
0.065262
0.020102
0.926964
0.590293
0.811056
0.986187
0.995792
0.980862
0.001497
0.480470
0.936185
0.063433
0.350295
0.005120
0.993075
0.535935
0.077871
0.012861
0.996909
0.060825
0.984915
0.999255
0.218609
0.932076
0.036594
0.092530
0.939277
0.294479
0.924411
0.968568
0.994657
0.817725
0.991726
0.217921
0.977721
0.720292
0.197200
0.009483
0.539397
0.054089
0.211390
0.947317
0.028290
0.006946
0.153362
0.273426
0.009740
0.737335
0.067601
0.819450
0.062242
0.000264
0.171446
0.006025
0.009728
0.053810
0.999189
0.966700
0.557615
0.015247
0.995615
0.107416
0.002684
0.078552
0.113130
0.045445
0.997002
0.205648
0.912384
0.616088
0.997668
0.993047
0.995759
0.941144
0.928238
0.004123
0.997447
0.988930
0.135304
0.103312
0.005188
0.004061
0.969089
0.996665
0.995229
0.004621
