0.029409
0.999226
0.056308
0.997131
0.301063
0.019704
0.999760
0.036037
0.000085
0.997945
0.999685
0.987536
0.411254
0.999860
0.174366
0.992046
0.162351
0.518266
0.139562
0.999691
0.993932
0.999971
0.953216
0.001087
0.054143
0.001585
0.965254
0.999751
0.999981
0.954203
0.046219
0.033149
0.999908
0.091770
0.450504
0.999669
0.999864
0.999947
0.039609
0.010387
0.996523
0.022775
0.010450
0.258433
0.320687
0.103336
0.798991
0.021274
0.592340
0.982830
0.994232
0.030665
0.443401
0.398158
0.999551
0.000379
0.137153
0.222949
0.000646
0.997944
0.355779
0.978067
0.294216
0.993877
0.062201
0.246896
0.547959
0.999293
0.958390
0.998927
0.094424
0.906300
0.000659
0.009417
0.327287
0.999110
0.004736
0.919000
0.999971
0.001310
0.999789
0.999930
0.535016
0.002570
0.542316
0.999849
0.999366
0.066210
0.013340
0.668371
0.075851
0.061450
0.328484
0.697160
0.032000
0.411378
0.004211
0.152570
0.872998
0.000278
0.025966
0.305886
0.999954
0.999877
0.999010
0.000209
0.231697
0.999912
0.599438
0.017997
0.007783
0.994169
0.996891
0.032539
0.999432
0.071696
0.005370
0.181457
0.663418
0.953200
0.026539
0.424865
0.965376
0.997414
0.000390
0.780574
0.000954
0.091500
0.943841
0.000783
0.235933
0.137357
0.002940
0.878044
0.971536
0.134999
0.999959
0.542031
0.657155
0.137327
0.608473
0.969817
0.994143
0.876330
0.997309
0.122619
0.112391
0.976935
0.237694
0.911870
0.995473
0.261008
0.238668
0.999631
0.388298
0.071085
0.092904
0.013705
0.848605
0.377857
0.618121
0.981657
0.247216
0.486267
0.998888
0.958199
0.998620
0.132134
0.457747
0.036153
0.987015
0.999825
0.420624
0.542317
0.556093
0.986533
0.052660
0.939997
0.135378
0.999204
0.024789
0.999551
0.966256
0.195000
0.421532
0.402521
0.387331
0.159579
0.999800
0.112073
0.999827
0.998766
0.998626
0.589072
0.050301
0.010403
0.959435
0.288316
0.007437
0.001291
0.999965
0.758152
0.999885
0.102463
0.999775
0.994440
0.016005
0.688854
0.614706
0.000866
0.961694
0.665380
0.182939
0.246796
0.347323
0.170995
0.098478
0.054151
0.329128
0.193111
0.998959
0.643007
0.999529
0.965728
0.995338
0.997168
0.354914
0.002703
0.977997
0.250984
0.999934
0.985669
0.003361
0.000627
0.996309
0.228205
0.421726
0.178695
0.757520
0.201092
0.997659
0.074495
0.505886
0.999269
0.153264
0.273368
0.005129
0.000672
0.096839
0.872909
0.001343
0.999166
0.265245
0.326838
0.999926
0.942319
0.292497
0.999862
0.006843
0.999500
0.999865
0.000336
0.060185
0.020870
0.994081
0.993862
0.000057
0.997639
0.654006
0.999384
0.066018
0.986592
0.079699
0.046304
0.212386
0.008300
0.979123
0.174981
0.996598
0.925130
0.248622
0.018262
0.002668
0.972083
0.036005
0.735696
0.009973
0.114360
0.830436
0.996128
0.915721
0.992048
0.435401
0.998265
0.805586
0.003546
0.998360
0.599275
0.003191
0.998709
0.990300
0.952333
0.001560
0.999912
0.999236
0.087664
0.286244
0.276272
0.983980
0.933714
0.262336
0.289685
0.266019
0.311661
0.302014
0.026626
0.185976
0.724785
0.999048
0.001051
0.996235
0.000268
0.198526
0.014339
0.001115
0.655369
0.006619
0.993658
0.973689
0.667433
0.104343
0.168600
0.004924
0.002596
0.399781
0.519077
0.998141
0.000637
0.999879
0.095538
0.999680
0.005243
0.020797
0.999689
0.162836
0.361401
0.042495
0.057918
0.990562
0.811638
0.243427
0.050457
0.999764
0.000225
0.076174
0.994429
0.002177
0.104935
0.122072
0.429104
0.003745
0.000368
0.999971
0.021747
0.997661
0.999365
0.002908
0.047558
0.058274
0.001885
0.999361
0.989642
0.235179
0.164566
0.711223
0.086071
0.914094
0.775674
0.999461
0.790739
0.069023
0.921616
0.285817
0.993182
0.088369
0.985072
0.997089
0.999640
0.545217
0.361934
0.079716
0.599289
0.201942
0.000143
0.998616
0.030507
0.035633
0.183692
0.009395
0.036808
0.902524
0.176646
0.145535
0.710739
0.023457
0.267559
0.072652
0.078563
0.965843
0.999899
0.941497
0.816354
0.001219
0.816196
0.995304
0.157749
0.000490
0.999389
0.138142
0.000331
0.080995
0.331708
0.253671
0.152675
0.978808
0.999775
0.999540
0.999892
0.029973
0.996291
0.126436
0.000087
0.000727
0.397023
0.004020
0.999935
0.012827
0.997723
0.999802
0.994403
0.000314
0.958902
0.999184
0.999712
0.001907
0.999746
0.427937
0.999400
0.318269
0.906114
0.972227
0.963091
0.101664
0.057426
0.035115
0.943874
0.609976
0.068075
0.417952
0.039258
0.999971
0.171187
0.192977
0.458219
0.999203
0.028283
0.197448
0.964736
0.998570
0.999921
0.801517
0.997796
0.239427
0.999828
0.698724
0.999739
0.196900
0.257318
0.970263
0.059839
0.999927
0.998266
0.997066
0.003551
0.874849
0.612167
0.844234
0.999406
0.365427
0.114179
0.001483
0.792927
0.251240
0.305155
0.863163
0.110245
0.998592
0.006938
0.999845
0.966972
0.999685
0.809781
0.080298
0.592715
0.044507
0.998817
0.019955
0.007817
0.000808
0.999890
0.940886
0.263746
0.451687
0.001411
0.156254
0.979714
0.005588
0.002694
0.000742
0.000390
0.993188
0.998664
0.999120
0.007619
0.027793
0.999381
0.999793
0.996628
0.002934
0.999748
0.287979
0.000089
0.000218
0.994347
0.448419
0.139000
0.969641
0.997860
0.190715
0.988594
0.003315
0.998519
0.999851
0.704210
0.997219
0.001525
0.995000
0.999276
0.001373
0.000347
0.927676
0.996373
0.999847
0.999417
0.271925
0.065222
0.036602
0.999539
0.903385
0.972900
0.096543
0.999015
0.025474
0.586765
0.999958
0.277649
0.214805
0.039540
0.998476
0.791596
0.999767
0.001692
0.999220
0.999649
0.369631
0.999960
0.456337
0.394693
0.533311
0.000321
0.588633
0.091257
0.944353
0.747033
0.998815
0.004387
0.991482
0.783223
0.929960
0.160953
0.000494
0.979967
0.902106
0.004738
0.054936
0.003423
0.993836
0.002437
0.194542
0.193705
0.373512
0.979040
0.944898
0.998895
0.999563
0.000494
0.973130
0.990095
0.999545
0.552869
0.001710
0.997272
0.043242
0.000177
0.296601
0.764025
0.998034
0.985931
0.770809
0.000489
0.995917
0.104547
0.312462
0.204944
0.998197
0.000168
0.970959
0.072905
0.760719
0.001903
0.026998
0.999481
0.604602
0.098584
0.440499
0.374639
0.657483
0.201158
0.999887
0.746859
0.060239
0.990446
0.992491
0.412730
0.805397
0.964019
0.943727
0.145852
0.010618
0.003124
0.659220
0.000343
0.004428
0.999641
0.916454
0.999934
0.009355
0.019818
0.916412
0.025331
0.320570
0.326846
0.039673
0.495025
0.011756
0.494029
0.586399
0.306935
0.740906
0.958853
0.996820
0.057508
0.966140
0.002482
0.911807
0.998551
0.000165
0.988687
0.652119
0.978067
0.999583
0.273864
0.999857
0.405464
0.819349
0.000387
0.998591
0.254322
0.006073
0.136288
0.001010
0.995837
0.106650
0.871068
0.716252
0.248933
0.249246
0.001092
0.000851
0.049073
0.000161
0.999870
0.008374
0.681874
0.210623
0.253518
0.142825
0.000745
0.999551
0.007968
0.770120
0.454475
0.000633
0.048549
0.140008
0.238017
0.997532
0.008751
0.002578
0.999931
0.873651
0.011244
0.005801
0.599974
0.002706
0.998330
0.999810
0.998733
0.005428
0.152177
0.999640
0.999799
0.102702
0.018277
0.000459
0.000272
0.200738
0.134493
0.999845
0.000235
0.999598
0.999524
0.872025
0.832903
0.993178
0.157401
0.019766
0.001161
0.096999
0.998937
0.051181
0.001834
0.308399
0.407881
0.996965
0.217350
0.000520
0.997299
0.253517
0.000619
0.000228
0.998718
0.223961
0.011862
0.000098
0.999722
0.664878
0.001208
0.992012
0.273300
0.008088
0.032073
0.686383
0.188417
0.999988
0.000492
0.172384
0.000327
0.401520
0.991618
0.281267
0.994935
0.987578
0.936470
0.951274
0.025936
0.090593
0.999048
0.999953
0.811676
0.999691
0.998523
0.039558
0.573203
0.999859
0.969272
0.306782
0.983564
0.111513
0.995565
0.983591
0.929893
0.000185
0.554416
0.902687
0.971938
0.104480
0.367030
0.992988
0.001496
0.525025
0.060275
0.019192
0.998313
0.008199
0.216920
0.002650
0.585992
0.954965
0.140690
0.380498
0.987874
0.989675
0.999838
0.038634
0.538550
0.000364
0.279100
0.000296
0.104498
0.999798
0.840431
0.717844
0.237257
0.096955
0.997889
0.371147
0.977933
0.649887
0.000683
0.091545
0.994965
0.003067
0.000719
0.492890
0.995896
0.116655
0.913736
0.721158
0.175179
0.479121
0.994790
0.091353
0.189115
0.933280
0.805824
0.000677
0.997431
0.748023
0.568988
0.060619
0.064595
0.975078
0.032866
0.093560
0.062109
0.073876
0.998680
0.304079
0.081624
0.672445
0.000906
0.999911
0.999909
0.080199
0.999984
0.705313
0.301592
0.999986
0.987544
0.873194
0.019564
0.223864
0.997454
0.003185
0.618854
0.997360
0.252226
0.983869
0.987408
0.513321
0.131907
0.983118
0.998800
0.000204
0.596366
0.501542
0.007130
0.879035
0.831152
0.000636
0.995812
0.036259
0.967739
0.842212
0.009785
0.948831
0.352956
0.001068
0.999066
0.139641
0.526507
0.981571
0.186655
0.995530
0.769941
0.994570
0.994402
0.007607
0.974218
0.633461
0.000066
0.041880
0.000225
0.654757
0.001098
0.973496
0.963352
0.000669
0.052580
0.990651
0.019185
0.354323
0.052296
0.999825
0.221494
0.365431
0.989706
0.161150
0.002404
0.816610
0.998352
0.197211
0.127354
0.388627
0.693976
0.316989
0.106379
0.999246
0.031718
0.939182
0.859955
0.000295
0.872956
0.101831
0.018909
0.033474
0.183626
0.855724
0.871942
0.991154
0.996763
0.924172
0.996705
0.015025
0.012613
0.995918
0.022622
0.312766
0.000963
0.025077
0.005138
0.438240
0.308316
0.001433
0.060635
0.999930
0.001800
0.000835
0.998830
0.003437
0.173716
0.505681
0.999785
0.121892
0.067354
0.201157
0.105307
0.531263
0.002318
0.013652
0.002897
0.000081
0.992094
0.002603
0.019619
0.999790
0.760119
0.006956
0.972018
0.638687
0.885131
0.656431
0.118095
0.000071
0.779619
0.108412
0.000417
0.036411
0.972895
0.985233
0.217829
0.012332
0.186971
0.000652
0.117292
0.003746
0.999650
0.945650
0.999339
0.721836
0.000643
0.676921
0.145727
0.983799
0.026264
0.800760
0.106073
0.000740
0.092763
0.990993
0.000075
0.999806
0.989661
0.978984
0.205915
0.912749
0.959698
0.995055
0.368693
0.157877
0.966659
0.999904
0.999448
0.012368
0.211529
0.999809
0.338220
0.323618
0.923789
0.999964
0.967872
0.998034
0.361323
0.139470
0.968268
0.004152
0.844760
0.494768
0.300445
0.003677
0.999368
0.997855
0.207698
0.999903
0.999700
0.996549
0.928898
0.999183
0.000343
0.996456
0.983051
0.000771
0.119040
0.004872
0.997700
0.999771
0.910412
0.998628
0.251577
0.604847
0.939243
0.999936
0.031435
0.058654
0.992999
0.998976
0.911112
0.005105
0.998546
0.197985
0.946166
0.086398
0.104650
0.002999
0.742560
0.002384
0.022363
0.668995
0.997243
0.298689
0.136576
0.007293
0.997854
0.271484
0.000158
0.035193
0.006979
0.999417
0.999513
0.970412
0.997585
0.125714
0.947688
0.005874
0.088355
0.130883
0.000400
0.993075
0.985353
0.041326
0.982194
0.002046
0.401605
0.001167
0.854778
0.994399
0.998099
0.002407
0.000107
0.574684
0.163260
0.244701
0.999212
0.764252
0.366331
0.999500
0.997634
0.997609
0.929325
0.004203
0.778219
0.479161
0.229987
0.861415
0.161565
0.303078
0.539556
0.234676
0.006520
0.996526
0.237750
0.992955
0.131305
0.497141
0.000648
0.960099
0.999799
0.998675
0.001535
0.998479
0.998339
0.134760
0.896495
0.009990
0.008617
0.198645
0.999566
0.186066
0.276275
0.837419
0.729126
0.524298
0.284285
0.105980
0.129724
0.999362
0.227604
0.151865
0.891983
0.992938
0.998225
0.467070
0.999861
0.294063
0.080813
0.004252
0.996916
0.008709
0.274167
0.000077
0.054577
0.102243
0.108662
0.999830
0.975704
0.328464
0.998360
0.025254
0.125794
0.138374
0.612687
0.118723
0.446999
0.893863
0.066256
0.201159
0.793090
0.430051
0.929430
0.117067
0.903972
0.077308
0.964151
0.102190
0.997091
0.075421
0.051105
0.000845
0.998712
0.179480
0.405891
0.092942
0.130410
0.997891
0.999052
0.999919
0.999142
0.002571
0.004910
0.187358
0.127218
0.990901
0.994040
0.984904
0.861124
0.006611
0.937178
0.500558
0.000104
0.002628
0.000182
0.999931
0.995574
0.999357
0.998352
0.172198
0.839142
0.039960
0.980213
0.188100
0.991165
0.971740
0.038264
0.000384
0.125269
0.996763
0.060505
0.347376
0.067240
0.103474
0.041539
0.999966
0.133842
0.999866
0.029795
0.300936
0.254545
0.042615
0.576957
0.003642
0.960779
0.001270
0.096615
0.595643
0.968885
0.999922
0.997800
0.004950
0.139361
0.794746
0.000528
0.990250
0.901295
0.001035
0.999876
0.047507
0.300606
0.271477
0.999645
0.125088
0.993820
0.635355
0.408318
0.072592
0.998471
0.758608
0.990312
0.994786
0.998970
0.996718
0.000289
0.000466
0.997078
0.332067
0.983834
0.999743
0.948000
0.999380
0.999757
0.003232
0.999706
0.000127
0.000905
0.783092
0.994435
0.665856
0.500083
0.182535
0.104755
0.040493
0.940785
0.964988
0.021755
0.999292
0.999031
0.243046
0.006295
0.002775
0.002811
0.868739
0.267122
0.999316
0.532577
0.002311
0.238448
0.993124
0.324624
0.321522
0.969939
0.905869
0.997970
0.036517
0.009701
0.010290
0.163807
0.815435
0.985241
0.999776
0.038183
0.004506
0.534624
0.999232
0.010433
0.064536
0.990154
0.000243
0.036837
0.998979
0.998026
0.999866
0.911683
0.365127
0.999876
0.956740
0.574695
0.043392
0.210153
0.999778
0.000560
0.993088
0.999422
0.972871
0.120923
0.006817
0.998925
0.005694
0.863349
0.002810
0.816366
0.999031
0.006788
0.012313
0.053196
0.917810
0.999586
0.524897
0.232250
0.999873
0.876998
0.999912
0.030593
0.005254
0.128503
0.082034
0.999813
0.046007
0.000274
0.999438
0.981795
0.000318
0.998045
0.998880
0.732990
0.998610
0.001491
0.874171
0.233595
0.001495
0.002622
0.302175
0.175007
0.213521
0.113465
0.997624
0.999295
0.112557
0.008893
0.359592
0.398819
0.000248
0.438244
0.989494
0.042818
0.010623
0.029757
0.839159
0.209728
0.000122
0.942827
0.987040
0.294474
0.759949
0.987476
0.999904
0.000258
0.999524
0.001337
0.494557
0.999433
0.284145
0.017318
0.025640
0.450472
0.998241
0.256439
0.153309
0.882435
0.542772
0.998837
0.952766
0.176988
0.996689
0.999871
0.555618
0.999966
0.893204
0.041188
0.001349
0.000400
0.007844
0.962882
0.083935
0.000451
0.997200
0.075948
0.999820
0.070424
0.032246
0.969993
0.000686
0.833175
0.001146
0.000215
0.175848
0.051828
0.005738
0.034588
0.960952
0.000429
0.999793
0.998778
0.456859
0.003684
0.010046
0.903478
0.999818
0.012078
0.108788
0.299097
0.999835
0.001429
0.571162
0.598671
0.024017
0.996446
0.998009
0.076584
0.996515
0.063050
0.028393
0.935315
0.766872
0.999711
0.999919
0.983749
0.992347
0.642908
0.233285
0.045373
0.999903
0.000764
0.002365
0.996369
0.994381
0.997181
0.871152
0.255356
0.003987
0.044053
0.999561
0.713458
0.026073
0.681061
0.035126
0.209411
0.203554
0.385922
0.915257
0.063519
0.642022
0.001792
0.014248
0.997611
0.015933
0.073513
0.282313
0.026838
0.470977
0.998694
0.346824
0.148833
0.935928
0.898270
0.351053
0.997598
0.000050
0.634549
0.113801
0.753308
0.999488
0.981481
0.948398
0.000174
0.000109
0.105495
0.619834
0.008175
0.207045
0.061870
0.100497
0.000291
0.043741
0.999973
0.583340
0.469734
0.007027
0.396099
0.973675
0.941995
0.998621
0.839825
0.998484
0.455954
0.779188
0.000717
0.994738
0.927539
0.016274
0.449601
0.041256
0.423417
0.394778
0.145212
0.610260
0.445027
0.997438
0.998636
0.489569
0.229607
0.185870
0.034870
0.688248
0.008870
0.957185
0.999888
0.002581
0.901124
0.999907
0.029634
0.860952
0.582086
0.999832
0.998654
0.197428
0.080709
0.857208
0.172637
0.176114
0.324882
0.999224
0.104312
0.000893
0.055569
0.064213
0.073971
0.145275
0.051670
0.999995
0.994394
0.964670
0.969673
0.974587
0.837396
0.998896
0.269517
0.075813
0.999558
0.846101
0.000969
0.279825
0.154590
0.915929
0.290804
0.022454
0.916043
0.280851
0.956032
0.989854
0.360361
0.000699
0.282914
0.999250
0.196729
0.997931
0.005315
0.017243
0.274937
0.628834
0.654728
0.893445
0.999784
0.000216
0.091800
0.121082
0.085119
0.000322
0.000364
0.973621
0.997724
0.090398
0.088045
0.328515
0.997745
0.999841
0.049313
0.000799
0.000119
0.050069
0.988071
0.195455
0.615130
0.999288
0.999176
0.148153
0.518486
0.923338
0.004757
0.983340
0.724661
0.353617
0.147565
0.161849
0.957096
0.993521
0.030015
0.332876
0.069199
0.040951
0.004346
0.977193
0.002661
0.032509
0.089358
0.978201
0.024766
0.459068
0.204380
0.999837
0.977149
0.131178
0.032626
0.434655
0.000386
0.997055
0.919656
0.991636
0.999962
0.064264
0.770225
0.009255
0.002122
0.915471
0.925994
0.125879
0.000677
0.228558
0.001978
0.868147
0.994211
0.127855
0.308943
0.000136
0.555908
0.851488
0.992766
0.045951
0.999225
0.999945
0.722006
0.217081
0.000156
0.032461
0.900557
0.999485
0.999628
0.040988
0.032728
0.953085
0.999471
0.000443
0.995762
0.014369
0.892244
0.999327
0.981477
0.012452
0.296767
0.993638
0.991370
0.001455
0.196290
0.109019
0.029961
0.650873
0.351176
0.000148
0.905741
0.102206
0.111525
0.999929
0.102673
0.167112
0.000337
0.966632
0.999493
0.679215
0.005432
0.432158
0.607957
0.997759
0.258176
0.995113
0.180165
0.000456
0.002078
0.003565
0.006551
0.003053
0.995230
0.944063
0.991941
0.326034
0.817808
0.145438
0.988278
0.191815
0.002231
0.037970
0.075001
0.261310
0.999718
0.000667
0.005356
0.981958
0.131926
0.016338
0.998914
0.386316
0.003635
0.437059
0.006344
0.011500
0.930040
0.184007
0.067192
0.980989
0.184310
0.970585
0.077132
0.998391
0.992341
0.961128
0.600402
0.964317
0.376234
0.960764
0.425578
0.743732
0.074326
0.987204
0.000447
0.014956
0.013887
0.001287
0.401724
0.001016
0.022732
0.043765
0.999270
0.247843
0.993569
0.999073
0.999861
0.480407
0.072550
0.993794
0.983632
0.958021
0.758879
0.780426
0.015505
0.005131
0.998050
0.999354
0.999701
0.999842
0.000312
0.008717
0.017402
0.211912
0.783413
0.022713
0.001323
0.251589
0.762163
0.998331
0.738309
0.000689
0.565575
0.862747
0.978599
0.326912
0.914379
0.993622
0.071225
0.001471
0.932423
0.255878
0.999717
0.000222
0.628613
0.286645
0.574290
0.999216
0.133826
0.997934
0.002429
0.018371
0.984195
0.999922
0.879833
0.158038
0.094868
0.047461
0.199706
0.011627
0.999729
0.003283
0.130479
0.993973
0.996876
0.219745
0.400026
0.609317
0.995819
0.993998
0.197894
0.054769
0.993211
0.999680
0.000274
0.514637
0.063083
0.996987
0.002987
0.997919
0.999158
0.999099
0.293380
0.000408
0.459379
0.996867
0.000166
0.295641
0.246846
0.888771
0.998608
0.626589
0.558758
0.291080
0.004380
0.008870
0.214654
0.080466
0.589768
0.739749
0.947118
0.918107
0.084922
0.992680
0.998003
0.851526
0.000501
0.999821
0.203036
0.858523
0.420319
0.997932
0.891006
0.024389
0.912636
0.002998
0.256039
0.000196
0.631942
0.000345
0.999280
0.637428
0.547273
0.998626
0.000315
0.881546
0.369129
0.990913
0.997307
0.999740
0.243770
0.001350
0.999074
0.999980
0.694816
0.000708
0.189369
0.915977
0.733990
0.034695
0.991824
0.637472
0.981826
0.954597
0.999919
0.999761
0.293075
0.001376
0.614676
0.925433
0.014585
0.307543
0.999855
0.857701
0.000453
0.999319
0.999121
0.012832
0.296588
0.482899
0.985141
0.121848
0.000656
0.989176
0.213555
0.991332
0.063054
0.992546
0.999818
0.981001
0.999557
0.000249
0.020599
0.996841
0.996309
0.037740
0.620144
0.010343
0.045879
0.989586
0.914046
0.998608
0.994621
0.020184
0.993445
0.899370
0.999424
0.996701
0.973862
0.049948
0.000373
0.001011
0.000816
0.338494
0.973371
0.013471
0.794156
0.998592
0.359176
0.218390
0.999823
0.130931
0.101124
0.999835
0.977519
0.060427
0.002509
0.153111
0.108466
0.999713
0.038741
0.999611
0.975260
0.863047
0.029846
0.969112
0.968475
0.378992
0.218217
0.997312
0.981458
0.000859
0.999855
0.985432
0.998944
0.176328
0.029903
0.006402
0.977738
0.133600
0.999513
0.994949
0.999474
0.998467
0.001015
0.999761
0.822176
0.912243
0.983283
0.365477
0.222440
0.000848
0.997552
0.999221
0.999737
0.072188
0.255302
0.988194
0.998645
0.002315
0.998607
0.000160
0.997459
0.002600
0.252198
0.880931
0.994647
0.999850
0.999494
0.005969
0.999830
0.999703
0.992599
0.989510
0.996317
0.988394
0.370919
0.961519
0.008385
0.999862
0.018340
0.067199
0.996239
0.001879
0.304588
0.000138
0.208969
0.999918
0.004663
0.093344
0.001688
0.867644
0.239100
0.022512
0.982911
0.471108
0.445861
0.999691
0.899983
0.999963
0.482678
0.051176
0.649806
0.999335
0.999417
0.000147
0.312218
0.389718
0.072980
0.000745
0.998104
0.999983
0.048423
0.197485
0.109666
0.003031
0.998738
0.005273
0.001273
0.417965
0.259548
0.219194
0.356623
0.939260
0.999606
0.254832
0.638534
0.996359
0.288593
0.130640
0.999899
0.711877
0.998697
0.055662
0.000154
0.580957
0.727238
0.999585
0.996009
0.999518
0.317977
0.025953
0.998945
0.950850
0.209148
0.031025
0.462566
0.989504
0.480126
0.089766
0.987558
0.989698
0.901580
0.998392
0.000210
0.973985
0.000776
0.948157
0.159133
0.065977
0.886039
0.029279
0.952509
0.282036
0.403352
0.233111
0.300821
0.124192
0.199491
0.000082
0.999629
0.013347
0.999811
0.016380
0.241381
0.000234
0.998602
0.351350
0.004601
0.105365
0.954496
0.986187
0.999821
0.999916
0.105158
0.480936
0.000363
0.981777
0.995548
0.034016
0.062511
0.004771
0.995445
0.000639
0.053921
0.000329
0.033568
0.008055
0.075551
0.490032
0.000810
0.981355
0.418426
0.996948
0.874813
0.444108
0.632493
0.001512
0.988072
0.000756
0.995736
0.056473
0.912975
0.987189
0.049247
0.194984
0.055792
0.999343
0.997709
0.146021
0.948132
0.926893
0.191772
0.984878
0.595674
0.018200
0.615471
0.999458
0.623989
0.255303
0.999754
0.226786
0.999673
0.998023
0.998144
0.541045
0.255958
0.072057
0.044090
0.999737
0.022468
0.359414
0.040293
0.429838
0.771689
0.969609
0.559453
0.992794
0.117220
0.217861
0.167875
0.141151
0.991509
0.648962
0.001103
0.026186
0.000692
0.977722
0.983030
0.240787
0.637071
0.998734
0.999857
0.674068
0.071636
0.133862
0.954192
0.045307
0.021579
0.999983
0.040233
0.030817
0.043503
0.084516
0.645184
0.081377
0.305236
0.076158
0.999990
0.998465
0.999099
0.000318
0.008893
0.023082
0.002809
0.210222
0.192651
0.999563
0.999147
0.181622
0.071435
0.964120
0.751429
0.997115
0.002621
0.125966
0.922399
0.001422
0.999508
0.234168
0.915231
0.039895
0.984887
0.978980
0.692889
0.011819
0.001663
0.991246
0.401653
0.997359
0.998879
0.998813
0.155848
0.978413
0.998729
0.935041
0.000344
0.006814
0.333664
0.985656
0.093496
0.999654
0.491895
0.001587
0.000750
0.000183
0.002018
0.999905
0.017504
0.073117
0.068348
0.204284
0.996727
0.135027
0.043795
0.999991
0.057886
0.482581
0.805853
0.046952
0.000848
0.696423
0.999631
0.000479
0.038657
0.174956
0.008477
0.381211
0.382954
0.072734
0.006140
0.035135
0.011532
0.261131
0.061702
0.000524
0.195096
0.196603
0.001317
0.020524
0.002137
0.955891
0.999665
0.620156
0.993070
0.999202
0.244172
0.463452
0.100870
0.000288
0.699504
0.999043
0.001212
0.963154
0.106110
0.517624
0.245989
0.419466
0.949914
0.173481
0.010506
0.365237
0.463389
0.627551
0.000425
0.839151
0.990822
0.998393
0.998235
0.314588
0.966437
0.006243
0.175024
0.249625
0.050624
0.009848
0.923360
0.151171
0.601984
0.655042
0.059595
0.300792
0.003831
0.550099
0.008091
0.103627
0.995408
0.000061
0.995232
0.014349
0.991186
0.087875
0.001593
0.918994
0.156718
0.769639
0.275094
0.003501
0.103739
0.244397
0.194171
0.797605
0.999886
0.336491
0.000227
0.023764
0.994720
0.010686
0.007604
0.989099
0.861215
0.944754
0.010531
0.210708
0.024853
0.217823
0.000620
0.105719
0.106780
0.998305
0.999555
0.264602
0.997242
0.994146
0.996568
0.000093
0.110736
0.998601
0.000814
0.472335
0.797989
0.999763
0.057598
0.238522
0.160404
0.456896
0.996979
0.815586
0.983059
0.999079
0.999940
0.000317
0.278955
0.000224
0.665266
0.043834
0.021052
0.932196
0.814633
0.000830
0.958780
0.376128
0.236892
0.175862
0.101832
0.990884
0.153872
0.987189
0.217454
0.184595
0.999704
0.994570
0.054930
0.999887
0.999091
0.517525
0.000624
0.999636
0.997580
0.955438
0.014006
0.985070
0.054065
0.999961
0.994178
0.004374
0.974692
0.000195
0.997259
0.324528
0.001446
0.978032
0.922026
0.018944
0.509450
0.007215
0.010019
0.999731
0.036599
0.001313
0.998980
0.016801
0.999830
0.999050
0.992270
0.605697
0.002380
0.000528
0.148077
0.129496
0.994351
0.947257
0.995880
0.456257
0.998118
0.092846
0.113006
0.061722
0.999648
0.987334
0.006600
0.996218
0.999342
0.973244
0.200037
0.914178
0.630176
0.573005
0.000803
0.002127
0.004715
0.000256
0.359472
0.386131
0.866368
0.163241
0.031106
0.136093
0.653114
0.997768
0.999936
0.000403
0.000124
0.227206
0.996001
0.140728
0.404851
0.855766
0.049856
0.065443
0.194737
0.576844
0.002528
0.993708
0.999845
0.999842
0.412245
0.429918
0.982654
0.331485
0.991853
0.203592
0.377852
0.006393
0.977396
0.331240
0.000431
0.677962
0.751495
0.585596
0.000473
0.278860
0.102162
0.000869
0.591247
0.941803
0.999811
0.000818
0.263040
0.209817
0.996134
0.000324
0.000792
0.031320
0.572932
0.976091
0.999769
0.138824
0.003081
0.019140
0.022452
0.999183
0.006333
0.972359
0.003471
0.841264
0.755048
0.994198
0.091782
0.993178
0.303324
0.998383
0.999129
0.002048
0.136958
0.005893
0.978360
0.998547
0.982965
0.489305
0.999789
0.738366
0.976878
0.949325
0.890701
0.001041
0.001481
0.984677
0.295327
0.360231
0.001271
0.961348
0.000192
0.979982
0.994013
0.188639
0.316380
0.484904
0.251950
0.876657
0.769169
0.839081
0.986326
0.998374
0.983105
0.999463
0.222408
0.000728
0.999820
0.999884
0.792138
0.967567
0.041341
0.759721
0.004168
0.006925
0.410040
0.344827
0.999799
0.572339
0.092248
0.442240
0.000416
0.874499
0.715271
0.003596
0.453050
0.329919
0.998551
0.091718
0.998765
0.224967
0.007230
0.611754
0.475824
0.185095
0.967814
0.933536
0.055887
0.197508
0.997255
0.994886
0.002552
0.313110
0.097797
0.981333
0.000449
0.002176
0.435273
0.412572
0.933775
0.001490
0.460843
0.956284
0.969330
0.952075
0.999344
0.000186
0.940508
0.999069
0.509350
0.001033
0.661735
0.001017
0.118483
0.457266
0.963323
0.858015
0.000076
0.006993
0.255299
0.012936
0.994615
0.901231
0.237256
0.999199
0.000338
0.993444
0.291445
0.501775
0.891440
0.999956
0.035138
0.021932
0.121828
0.008888
0.124042
0.942739
0.996138
0.000179
0.002235
0.325149
0.366826
0.977920
0.992690
0.168702
0.999312
0.965503
0.730775
0.999501
0.999907
0.993302
0.837239
0.000358
0.285391
0.001829
0.000356
0.042449
0.352972
0.996306
0.398560
0.997992
0.956269
0.093898
0.949006
0.119963
0.365558
0.723854
0.426297
0.168986
0.999958
0.988998
0.972392
0.095675
0.002611
0.998326
0.893302
0.567483
0.697165
0.995514
0.013136
0.843914
0.987591
0.158119
0.430310
0.347775
0.995337
0.956144
0.997042
0.994040
0.998514
0.001553
0.856207
0.000425
0.003985
0.998132
0.038834
0.000392
0.003717
0.997372
0.001251
0.350520
0.299021
0.999673
0.239095
0.250079
0.182446
0.014699
0.545481
0.011878
0.195221
0.634180
0.999898
0.299334
0.004170
0.092087
0.065876
0.979424
0.478892
0.972656
0.051266
0.000152
0.899847
0.000216
0.980438
0.166120
0.660144
0.093898
0.124006
0.948168
0.001069
0.358149
0.000472
0.054353
0.673825
0.999397
0.999633
0.975482
0.000222
0.001877
0.925462
0.920407
0.999840
0.999052
0.574840
0.017061
0.998742
0.002504
0.999501
0.999575
0.037930
0.023435
0.999893
0.434899
0.998310
0.995254
0.999216
0.000460
0.790595
0.000828
0.095156
0.992404
0.138826
0.283739
0.396884
0.040976
0.741988
0.059301
0.997248
0.956007
0.999960
0.318381
0.996334
0.771674
0.192648
0.000503
0.999926
0.312496
0.285796
0.002587
0.589347
0.999334
0.939550
0.053344
0.740555
0.628468
0.473622
0.999224
0.996454
0.000691
0.237895
0.000142
0.951226
0.852522
0.006340
0.005644
0.855870
0.012040
0.999865
0.384167
0.999658
0.003698
0.000363
0.753325
0.150565
0.997704
0.008167
0.998290
0.930804
0.999938
0.777162
0.000772
0.315413
0.992847
0.000087
0.244935
0.999358
0.001707
0.701119
0.147890
0.029137
0.433104
0.410105
0.014224
0.009667
0.114840
0.959968
0.000471
0.032315
0.999843
0.001342
0.915029
0.001454
0.999795
0.998624
0.181798
0.999826
0.423132
0.007093
0.999606
0.997839
0.159459
0.995933
0.198760
0.021244
0.136574
0.528305
0.127451
0.999397
0.998418
0.000144
0.995874
0.918914
0.294552
0.997613
0.000269
0.094562
0.998008
0.001461
0.029655
0.028089
0.081724
0.995820
0.998618
0.282912
0.566722
0.942949
0.091053
0.002964
0.999433
0.220421
0.038284
0.003675
0.008760
0.000705
0.921141
0.847402
0.319564
0.000398
0.999715
0.998265
0.992732
0.998460
0.984973
0.441163
0.147696
0.059473
0.999720
0.000094
0.111805
0.006645
0.988165
0.000111
0.999597
0.988228
0.000193
0.974256
0.130019
0.102096
0.000125
0.999600
0.999075
0.990498
0.123100
0.332575
0.248512
0.661301
0.287388
0.998116
0.997347
0.824057
0.966411
0.000316
0.095214
0.163281
0.952570
0.335482
0.012044
0.033347
0.001229
0.483006
0.868347
0.236792
0.006240
0.096806
0.999851
0.995795
0.053104
0.144192
0.996092
0.994574
0.951805
0.050725
0.258736
0.970335
0.832941
0.970044
0.994704
0.485668
0.999764
0.001886
0.419750
0.101227
0.818598
0.351711
0.348587
0.001555
0.308504
0.014165
0.057924
0.065387
0.292942
0.998549
0.000812
0.791443
0.360934
0.010634
0.995734
0.989307
0.998384
0.002792
0.000860
0.153685
0.343349
0.026418
0.156862
0.001799
0.985436
0.013871
0.001976
0.997700
0.997617
0.002210
0.002251
0.000908
0.003908
0.979181
0.961335
0.635939
0.000112
0.261965
0.043182
0.999232
0.997076
0.979618
0.253784
0.999727
0.999725
0.999575
0.000380
0.872819
0.023457
0.808710
0.998469
0.003146
0.000515
0.999747
0.950338
0.000817
0.069262
0.016113
0.367061
0.269802
0.275557
0.999693
0.969792
0.994348
0.998937
0.999441
0.999949
0.182881
0.997745
0.768394
0.694874
0.191865
0.000486
0.160521
0.976438
0.606587
0.295172
0.044225
0.136474
0.997746
0.003134
0.000524
0.993783
0.920101
0.725130
0.708867
0.614530
0.139084
0.361392
0.948876
0.999602
0.000212
0.301687
0.997910
0.365298
0.985921
0.999704
0.994840
0.989412
0.062938
0.042488
0.990271
0.938785
0.995808
0.938094
0.982817
0.326583
0.996291
0.117654
0.002227
0.000511
0.021617
0.999815
0.099057
0.283791
0.017148
0.002902
0.996253
0.996522
0.000232
0.316394
0.203136
0.985108
0.684126
0.720861
0.992741
0.774235
0.214238
0.000551
0.574424
0.999427
0.954260
0.817582
0.004530
0.999678
0.999400
0.068563
0.317960
0.346794
0.158864
0.377193
0.999246
0.978619
0.987564
0.226899
0.817119
0.040160
0.997322
0.002500
0.000122
0.821128
0.010543
0.035990
0.985785
0.084266
0.001710
0.876458
0.999613
0.296233
0.220353
0.002261
0.007832
0.323702
0.000722
0.999812
0.998251
0.066338
0.999920
0.009410
0.057516
0.389892
0.000479
0.050515
0.642364
0.777068
0.999726
0.178229
0.614548
0.160330
0.974554
0.972407
0.001233
0.001252
0.998790
0.935469
0.204729
0.776793
0.984770
0.009689
0.722526
0.934425
0.130387
0.100608
0.998292
0.309546
0.986537
0.999856
0.401882
0.997025
0.078928
0.843936
0.399487
0.992729
0.464946
0.999969
0.328484
0.001827
0.007062
0.000235
0.469223
0.619470
0.976920
0.997117
0.319131
0.545504
0.001700
0.999323
0.262973
0.915534
0.864814
0.001264
0.129067
0.002346
0.416339
0.480017
0.000579
0.342598
0.977463
0.000390
0.999713
0.983380
0.318076
0.999293
0.046335
0.998921
0.967381
0.031778
0.997863
0.966286
0.746050
0.966035
0.105832
0.995284
0.937021
0.991558
0.951028
0.064035
0.888008
0.667990
0.045778
0.614095
0.163297
0.584894
0.186232
0.289884
0.000838
0.971890
0.041676
0.999222
0.506203
0.000614
0.962623
0.998778
0.999842
0.278767
0.131221
0.998171
0.563465
0.827436
0.120927
0.999962
0.257745
0.240611
0.349162
0.992447
0.996817
0.481612
0.947948
0.997933
0.010724
0.072860
0.126296
0.085907
0.998831
0.573555
0.999109
0.936015
0.994127
0.253179
0.995720
0.161895
0.013129
0.488531
0.602294
0.006112
0.999901
0.976927
0.999859
0.989825
0.288822
0.001924
0.423925
0.999788
0.998817
0.112278
0.860330
0.990214
0.991003
0.207491
0.064629
0.000554
0.001746
0.007354
0.003403
0.999754
0.163905
0.013383
0.811976
0.995759
0.361621
0.979422
0.058444
0.953864
0.179583
0.831457
0.882726
0.999404
0.511288
0.008772
0.086704
0.000146
0.061213
0.043138
0.992400
0.166020
0.286706
0.059682
0.247074
0.975230
0.001526
0.006125
0.997793
0.984339
0.004236
0.986620
0.240283
0.000583
0.001250
0.308525
0.001643
0.656988
0.059407
0.124093
0.458150
0.107214
0.977133
0.603071
0.997333
0.086407
0.052167
0.548125
0.999384
0.951366
0.977314
0.526220
0.929691
0.998661
0.014166
0.777652
0.506849
0.266066
0.990751
0.002080
0.004627
0.820388
0.999691
0.002021
0.001137
0.981594
0.998328
0.999750
0.202484
0.997528
0.010883
0.999742
0.001656
0.184946
0.468132
0.984954
0.999959
0.079303
0.960394
0.802725
0.999076
0.999218
0.558936
0.109258
0.951998
0.082571
0.959976
0.020994
0.017325
0.996438
0.390064
0.999841
0.283179
0.985198
0.999854
0.157687
0.961419
0.193993
0.999969
0.573014
0.993518
0.115447
0.999500
0.441705
0.982554
0.821043
0.450431
0.124889
0.998801
0.053575
0.986821
0.000076
0.098043
0.624481
0.993278
0.998566
0.259977
0.999734
0.994758
0.004209
0.556666
0.999944
0.001073
0.515474
0.999474
0.155463
0.999747
0.295453
0.643033
0.286459
0.996807
0.003257
0.021739
0.002315
0.150270
0.274040
0.999783
0.451607
0.975529
0.000806
0.325796
0.022413
0.999713
0.100392
0.172215
0.935463
0.948140
0.135215
0.981519
0.952046
0.001816
0.725255
0.306645
0.987057
0.978982
0.216143
0.999884
0.032303
0.996176
0.713143
0.000157
0.999959
0.762662
0.998539
0.452609
0.865952
0.383151
0.234572
0.001552
0.995262
0.999974
0.978033
0.836723
0.139559
0.104072
0.289090
0.165996
0.999836
0.237473
0.902089
0.932595
0.000505
0.004574
0.079345
0.948384
0.998998
0.931445
0.878884
0.904799
0.001057
0.643113
0.001762
0.078608
0.999569
0.004387
0.266036
0.925854
0.000760
0.001987
0.999520
0.999798
0.998918
0.999055
0.308230
0.993009
0.199806
0.075784
0.590890
0.059117
0.954144
0.992840
0.996227
0.979551
0.081333
0.000136
0.992921
0.071865
0.924896
0.683244
0.189202
0.997615
0.014579
0.016158
0.000171
0.000725
0.617393
0.159313
0.231175
0.999438
0.185862
0.977166
0.089026
0.885279
0.996855
0.999752
0.999348
0.214871
0.183143
0.110906
0.998948
0.000466
0.998845
0.284814
0.146480
0.497728
0.845759
0.970018
0.757926
0.154631
0.951190
0.042054
0.707895
0.348519
0.999407
0.474549
0.025080
0.100077
0.999474
0.996124
0.070295
0.998761
0.137204
0.081542
0.872668
0.944491
0.040979
0.993784
0.326937
0.999909
0.999983
0.655162
0.712660
0.321057
0.990131
0.999577
0.792004
0.709641
0.180191
0.999569
0.031927
0.057130
0.976944
0.116970
0.999932
0.999938
0.911755
0.963943
0.031892
0.000452
0.286949
0.013825
0.984178
0.997836
0.999703
0.999951
0.816318
0.075756
0.999349
0.002341
0.999997
0.997714
0.000602
0.174615
0.998336
0.997091
0.256960
0.984172
0.999562
0.994952
0.999531
0.999610
0.001073
0.000110
0.469972
0.026446
0.871882
0.315211
0.999685
0.556729
0.997563
0.002245
0.959883
0.973226
0.980673
0.429121
0.141755
0.999957
0.000930
0.006771
0.273063
0.863538
0.002766
0.193622
0.001446
0.020224
0.001928
0.002900
0.952536
0.999096
0.999344
0.166070
0.540474
0.115380
0.028600
0.998418
0.999670
0.000192
0.758671
0.302847
0.340112
0.887183
0.317595
0.007949
0.098081
0.997226
0.997561
0.072656
0.859325
0.951586
0.997625
0.983669
0.050949
0.999965
0.942798
0.886977
0.594763
0.039919
0.009630
0.728048
0.000946
0.997280
0.050296
0.008064
0.960995
0.055359
0.999631
0.041804
0.999062
0.299379
0.140248
0.090471
0.979863
0.995760
0.954822
0.980051
0.998102
0.027383
0.005145
0.999935
0.982521
0.000444
0.997302
0.284938
0.999767
0.997189
0.000484
0.825333
0.988772
0.267996
0.993532
0.117351
0.076413
0.022235
0.000209
0.992481
0.198471
0.144883
0.001640
0.318453
0.978040
0.997488
0.104208
0.002748
0.226172
0.997836
0.999206
0.996151
0.953785
0.999332
0.016936
0.015615
0.078327
0.990853
0.171173
0.127429
0.384402
0.002547
0.992724
0.660252
0.035944
0.036856
0.240712
0.999824
0.002190
0.505762
0.148240
0.019039
0.975284
0.495693
0.820895
0.208771
0.279687
0.999973
0.997141
0.302791
0.995255
0.999770
0.001161
0.082736
0.141424
0.307113
0.022569
0.000244
0.046369
0.992543
0.995144
0.999766
0.999503
0.999200
0.001246
0.163960
0.999317
0.145032
0.041885
0.885464
0.999711
0.999830
0.596063
0.999215
0.559879
0.010342
0.999278
0.911747
0.625597
0.930757
0.999543
0.059252
0.989197
0.006115
0.000251
0.469462
0.704131
0.998285
0.986497
0.000174
0.138018
0.027717
0.999128
0.336219
0.997991
0.012462
0.999234
0.999804
0.284405
0.997055
0.000520
0.709797
0.304041
0.985889
0.987994
0.999918
0.992827
0.263012
0.999460
0.002269
0.000732
0.003024
0.028286
0.164578
0.027592
0.158416
0.280887
0.000503
0.016331
0.000354
0.996564
0.299757
0.847838
0.999851
0.231672
0.000823
0.999785
0.000506
0.926231
0.995849
0.999130
0.198645
0.225611
0.976351
0.858238
0.798082
0.357863
0.000102
0.279479
0.991218
0.082611
0.998125
0.001016
0.998906
0.641329
0.033005
0.958445
0.999942
0.195783
0.001271
0.192276
0.998278
0.999753
0.619050
0.002599
0.619734
0.999757
0.049681
0.339561
0.999035
0.997616
0.320323
0.996803
0.357682
0.691528
0.001136
0.987052
0.191152
0.803260
0.204565
0.003594
0.757389
0.010434
0.262266
0.272619
0.998981
0.026511
0.000703
0.002654
0.533361
0.998022
0.987697
0.548982
0.985791
0.234691
0.013637
0.932050
0.837027
0.344124
0.946655
0.545763
0.940180
0.611898
0.997404
0.997876
0.040424
0.312977
0.999437
0.000190
0.941381
0.025459
0.026922
0.973440
0.825177
0.986179
0.302012
0.001300
0.178145
0.698193
0.398485
0.953846
0.999881
0.000269
0.006635
0.008019
0.966730
0.746482
0.282890
0.656425
0.237757
0.005222
0.001049
0.983729
0.262880
0.995511
0.001377
0.000408
0.005550
0.827370
0.967992
0.054149
0.103291
0.128592
0.025551
0.000092
0.998965
0.020136
0.998242
0.038257
0.034501
0.132477
0.464707
0.006006
0.997779
0.649967
0.940565
0.002502
0.925475
0.004903
0.999705
0.246020
0.999776
0.152069
0.008541
0.997104
0.753953
0.002640
0.999864
0.001054
0.036566
0.129137
0.999577
0.197100
0.256703
0.008959
0.136458
0.999813
0.989661
0.223663
0.209043
0.996976
0.219883
0.485600
0.999376
0.139416
0.084691
0.145756
0.774688
0.993340
0.147915
0.034441
0.348221
0.998519
0.980615
0.409298
0.678976
0.959671
0.952322
0.568415
0.456274
0.004323
0.993435
0.073916
0.998872
0.085632
0.637536
0.821423
0.998279
0.022562
0.998077
0.998535
0.190435
0.070215
0.196683
0.632932
0.995421
0.998085
0.035761
0.999875
0.921950
0.000443
0.646946
0.998580
0.986640
0.005070
0.120598
0.334824
0.000494
0.995025
0.487698
0.000387
0.964101
0.983560
0.088036
0.954912
0.960925
0.101199
0.660269
0.000452
0.089820
0.999113
0.999545
0.498044
0.999967
0.895804
0.197073
0.993819
0.969783
0.992468
0.119087
0.998887
0.987416
0.853856
0.016124
0.983363
0.000120
0.067757
0.832372
0.198076
0.999715
0.003861
0.999979
0.509781
0.037988
0.040717
0.567482
0.016403
0.276256
0.999261
0.631419
0.999494
0.009520
0.205440
0.999723
0.999992
0.038805
0.987769
0.109403
0.053486
0.999075
0.020155
0.007418
0.003165
0.999896
0.001141
0.005030
0.998676
0.000454
0.191160
0.940439
0.801807
0.000815
0.000912
0.247259
0.992681
0.986432
0.147100
0.843282
0.467328
0.115048
0.999382
0.000469
0.548398
0.999960
0.997100
0.999204
0.991016
0.193770
0.995772
0.490847
0.082404
0.913903
0.392360
0.004872
0.997826
0.999695
0.994636
0.023043
0.394404
0.999209
0.021111
0.998123
0.455844
0.177300
0.677681
0.046699
0.263770
0.330167
0.999927
0.009101
0.996148
0.001408
0.981084
0.000074
0.068045
0.000254
0.796587
0.002011
0.916072
0.854561
0.018270
0.009035
0.092624
0.877905
0.999834
0.772081
0.672126
0.893949
0.998171
0.994981
0.999835
0.993327
0.001370
0.001086
0.999879
0.999846
0.948479
0.566238
0.111098
0.059909
0.993369
0.000323
0.002078
0.999943
0.970859
0.997517
0.026262
0.000919
0.463359
0.999821
0.988228
0.892186
0.221996
0.859987
0.000458
0.000453
0.960068
0.280556
0.092335
0.994135
0.280444
0.001060
0.002140
0.524072
0.026873
0.798285
0.999989
0.382794
0.900858
0.908288
0.001679
0.000166
0.649703
0.093372
0.371993
0.997306
0.083392
0.042456
0.790439
0.999346
0.971086
0.013173
0.027653
0.660417
0.076913
0.001194
0.953120
0.998141
0.941971
0.999243
0.997717
0.999622
0.217066
0.991528
0.628629
0.921973
0.995528
0.759434
0.724806
0.218324
0.999599
0.000063
0.698585
0.928600
0.211177
0.980866
0.000943
0.276233
0.847868
0.996500
0.921839
0.048727
0.549866
0.914886
0.354648
0.674204
0.153356
0.443658
0.001752
0.001277
0.993074
0.214496
0.999712
0.116850
0.664728
0.012042
0.057845
0.010343
0.085870
0.000394
0.003152
0.989321
0.979742
0.925995
0.999953
0.003293
0.999332
0.348766
0.999742
0.019723
0.010339
0.002604
0.002652
0.996318
0.191499
0.998596
0.106216
0.001504
0.193033
0.000186
0.103607
0.993039
0.994842
0.078601
0.843523
0.982187
0.018469
0.999116
0.231426
0.689310
0.999598
0.090420
0.147860
0.999757
0.999548
0.999599
0.044550
0.359236
0.648284
0.692161
0.451177
0.967987
0.986334
0.990855
0.999405
0.943669
0.133230
0.241845
0.995283
0.402850
0.007684
0.330407
0.984417
0.999889
0.992472
0.241494
0.028129
0.979911
0.991297
0.968511
0.001145
0.999398
0.002131
0.996480
0.220221
0.466900
0.999844
0.294710
0.215284
0.000081
0.384218
0.643135
0.004520
0.040228
0.002127
0.002768
0.098610
0.998313
0.997828
0.028588
0.375453
0.075211
0.046917
0.011322
0.003511
0.086014
0.061062
0.963195
0.732693
0.963859
0.454619
0.000562
0.833387
0.767804
0.870360
0.002037
0.453613
0.999857
0.098428
0.988992
0.702443
0.013579
0.948048
0.999863
0.909719
0.254816
0.995839
0.997813
0.583961
0.227665
0.118035
0.075280
0.185896
0.000457
0.996271
0.058371
0.955217
0.002742
0.339583
0.999111
0.000308
0.999689
0.147346
0.878838
0.147839
0.172086
0.003439
0.991866
0.034100
0.992862
0.002958
0.013893
0.006359
0.116573
0.999987
0.986332
0.607261
0.000828
0.999758
0.998189
0.999823
0.727993
0.042754
0.005270
0.999913
0.882532
0.000823
0.550800
0.000103
0.936656
0.827239
0.589391
0.668713
0.999969
0.966223
0.010195
0.999944
0.801166
0.002516
0.675329
0.601587
0.997724
0.991911
0.916148
0.042065
0.005374
0.817746
0.856976
0.121801
0.998575
0.796434
0.000171
0.999757
0.115194
0.993083
0.558610
0.353968
0.000954
0.658480
0.106702
0.058650
0.001320
0.083109
0.047145
0.213171
0.192573
0.001704
0.009648
0.999899
0.015767
0.990098
0.039570
0.288450
0.154069
0.001946
0.002192
0.438745
0.989709
0.860223
0.224153
0.910287
0.384365
0.193728
0.024092
0.000972
0.999808
0.007915
0.998491
0.118846
0.124419
0.989608
0.999634
0.065329
0.997995
0.999429
0.864769
0.090450
0.004856
0.816726
0.341859
0.011803
0.104785
0.116521
0.988791
0.358511
0.050938
0.343509
0.006516
0.998800
0.805304
0.996950
0.484707
0.442062
0.000538
0.270437
0.118860
0.624878
0.001083
0.947120
0.246625
0.999742
0.999557
0.279293
0.145324
0.999818
0.006297
0.007070
0.382638
0.998635
0.993420
0.998418
0.296853
0.000182
0.004750
0.999627
0.545292
0.000127
0.917722
0.211686
0.001672
0.181374
0.300215
0.000147
0.914233
0.071476
0.999396
0.039942
0.196121
0.854949
0.656581
0.997948
0.998554
0.783528
0.993655
0.999849
0.013180
0.051307
0.963983
0.972791
0.998378
0.996239
0.998565
0.415918
0.116295
0.006655
0.489755
0.166323
0.342680
0.002618
0.112823
0.964153
0.436155
0.998241
0.999291
0.188771
0.000345
0.999554
0.531359
0.996850
0.990011
0.999109
0.068497
0.000289
0.962727
0.999839
0.009286
0.971694
0.401599
0.000094
0.209039
0.019233
0.006122
0.527654
0.960794
0.149706
0.084887
0.124921
0.933793
0.967827
0.144124
0.335541
0.982686
0.998540
0.916967
0.000585
0.998429
0.050668
0.999016
0.000844
0.997374
0.741808
0.001277
0.269643
0.998295
0.206633
0.998781
0.006215
0.999836
0.856842
0.996968
0.079797
0.139699
0.005071
0.217433
0.376082
0.000179
0.999234
0.974939
0.362694
0.988051
0.574066
0.974227
0.064498
0.958733
0.763736
0.360686
0.001751
0.918978
0.036284
0.999394
0.303719
0.026631
0.998532
0.026722
0.999315
0.188290
0.401557
0.819350
0.987445
0.286233
0.030809
0.061086
0.066182
0.036068
0.999787
0.988861
0.824230
0.009441
0.004519
0.268286
0.904168
0.999173
0.002067
0.000858
0.984326
0.314750
0.911099
0.047549
0.990951
0.997667
0.879255
0.492298
0.999001
0.244938
0.993725
0.999610
0.396901
0.009784
0.644517
0.094095
0.999215
0.021719
0.914343
0.997394
0.398538
0.968618
0.135760
0.041130
0.999176
0.996045
0.182674
0.975660
0.998769
0.997667
0.000402
0.954340
0.002845
0.000674
0.482095
0.999913
0.999939
0.263089
0.012033
0.407466
0.280883
0.005773
0.984807
0.386767
0.871786
0.091525
0.001009
0.239017
0.997764
0.999558
0.271878
0.552385
0.035876
0.998628
0.999795
0.104399
0.121220
0.000165
0.282087
0.996853
0.000079
0.999708
0.907950
0.016128
0.001571
0.134022
0.095277
0.999980
0.999969
0.156462
0.088685
0.948473
0.999939
0.128131
0.262241
0.999819
0.134988
0.998926
0.017683
0.002118
0.001789
0.997637
0.073901
0.155691
0.010718
0.683649
0.999290
0.934733
0.240975
0.049478
0.116854
0.004592
0.630390
0.998728
0.721898
0.318569
0.986160
0.002312
0.003443
0.999682
0.001096
0.492763
0.750227
0.290697
0.011833
0.019556
0.000540
0.999690
0.000629
0.133343
0.822908
0.071006
0.950540
0.998192
0.143441
0.135753
0.084819
0.411372
0.998889
0.031374
0.688047
0.998489
0.540894
0.908374
0.181607
0.999717
0.250355
0.001070
0.411146
0.478023
0.719012
0.008533
0.999336
0.000052
0.140788
0.111799
0.084728
0.008042
0.496218
0.999812
0.162153
0.901523
0.645415
0.994821
0.940636
0.401483
0.593585
0.991111
0.002400
0.214284
0.095885
0.435031
0.063387
0.623458
0.315852
0.001789
0.998670
0.611005
0.934174
0.362380
0.016614
0.999691
0.272639
0.000370
0.036057
0.999065
0.999405
0.996665
0.960981
0.437305
0.039341
0.000139
0.005345
0.996822
0.010011
0.014549
0.999862
0.997461
0.999190
0.262778
0.167783
0.998711
0.983684
0.999862
0.999851
0.001009
0.017083
0.999471
0.000095
0.977846
0.016856
0.000949
0.001668
0.951210
0.011759
0.001061
0.046630
0.001559
0.030029
0.350595
0.999357
0.999597
0.947232
0.128780
0.005354
0.501800
0.449237
0.605075
0.998044
0.989400
0.999753
0.079925
0.995713
0.326124
0.999102
0.001835
0.999915
0.993541
0.932553
0.611057
0.044080
0.005948
0.163866
0.911930
0.056308
0.252393
0.000219
0.986958
0.999411
0.989438
0.996148
0.340999
0.109165
0.979084
0.055824
0.999042
0.002535
0.031396
0.612908
0.880304
0.991633
0.000821
0.997279
0.244949
0.110039
0.001871
0.999468
0.004059
0.000188
0.267320
0.000172
0.996892
0.405616
0.247703
0.462201
0.995885
0.995528
0.282016
0.922115
0.022958
0.979133
0.547215
0.138141
0.198136
0.002228
0.031374
0.516765
0.998069
0.057032
0.999330
0.953827
0.989955
0.040423
0.993170
0.271792
0.038346
0.990640
0.709071
0.983876
0.823213
0.973339
0.961574
0.488917
0.757646
0.000208
0.037999
0.057925
0.747335
0.230005
0.811697
0.008376
0.991649
0.999762
0.002666
0.278142
0.998450
0.129753
0.984158
0.991138
0.000658
0.000146
0.069637
0.392919
0.958558
0.342262
0.993563
0.221008
0.063405
0.635211
0.991939
0.071166
0.997814
0.197462
0.998279
0.001464
0.827978
0.997014
0.999833
0.000189
0.996505
0.154717
0.994505
0.999918
0.883616
0.947308
0.518878
0.611788
0.998639
0.011035
0.998650
0.010432
0.831125
0.825773
0.000655
0.742315
0.977430
0.001065
0.022029
0.013681
0.084577
0.183619
0.541584
0.998048
0.995549
0.193323
0.000379
0.999950
0.082709
0.945461
0.986185
0.993537
0.999894
0.995944
0.985091
0.997578
0.988091
0.999820
0.988830
0.010464
0.699213
0.967024
0.999283
0.125075
0.994942
0.749307
0.029439
0.152355
0.048657
0.011651
0.800168
0.253036
0.031851
0.515961
0.012880
0.012248
0.055490
0.300282
0.002665
0.161346
0.999927
0.159541
0.009909
0.999794
0.999030
0.980808
0.123977
0.997702
0.999974
0.001018
0.989287
0.023594
0.995790
0.655045
0.145797
0.126754
0.057074
0.992702
0.425051
0.001593
0.336887
0.995835
0.999664
0.525985
0.009140
0.999996
0.098933
0.614864
0.339858
0.232454
0.309365
0.898804
0.180487
0.671063
0.014169
0.034234
0.938788
0.883986
0.274408
0.002025
0.731842
0.028224
0.139610
0.026473
0.488304
0.769937
0.998997
0.971504
0.040627
0.848847
0.002310
0.002888
0.999796
0.999433
0.930588
0.999842
0.998401
0.108294
0.311462
0.044518
0.001819
0.000273
0.994739
0.885902
0.086662
0.304622
0.999792
0.931759
0.910949
0.883570
0.284960
0.320402
0.864625
0.690379
0.990681
0.000250
0.006578
0.351951
0.993117
0.236401
0.998434
0.993664
0.170532
0.996345
0.511125
0.010070
0.734071
0.026354
0.001042
0.992038
0.999916
0.991428
0.977124
0.882450
0.150665
0.999815
0.082869
0.988189
0.770570
0.115574
0.678621
0.999954
0.995851
0.200741
0.005925
0.428886
0.850034
0.047941
0.415668
0.007688
0.322907
0.999836
0.102069
0.042373
0.995269
0.976773
0.205109
0.919763
0.999950
0.021061
0.386932
0.928722
0.999640
0.085210
0.743705
0.536351
0.002454
0.984728
0.055799
0.000890
0.135667
0.920107
0.995261
0.390311
0.656533
0.751030
0.999016
0.999843
0.994100
0.000329
0.995590
0.117133
0.118205
0.999985
0.161948
0.058980
0.164185
0.191618
0.999332
0.042272
0.228127
0.979845
0.970456
0.998382
0.018235
0.998738
0.987833
0.011420
0.202343
0.965198
0.002999
0.016800
0.900319
0.002316
0.999251
0.783818
0.999325
0.990918
0.002443
0.998317
0.999703
0.256033
0.211244
0.569422
0.461595
0.996750
0.052149
0.897175
0.005754
0.999460
0.999740
0.239289
0.165825
0.214787
0.010094
0.913456
0.896420
0.999929
0.012196
0.560264
0.120528
0.183319
0.749108
0.875923
0.014954
0.877315
0.310926
0.020054
0.990828
0.006285
0.872046
0.035050
0.005963
0.619374
0.575164
0.271714
0.005375
0.991784
0.132209
0.904861
0.608148
0.001957
0.983003
0.223346
0.994800
0.099231
0.340428
0.081746
0.144722
0.004029
0.989476
0.954761
0.193909
0.148520
0.179001
0.017415
0.978118
0.995250
0.368462
0.010684
0.045298
0.998286
0.989326
0.002895
0.970568
0.773854
0.033684
0.995592
0.117461
0.941562
0.014947
0.997870
0.595125
0.616520
0.000600
0.923632
0.029553
0.152279
0.369854
0.073100
0.000806
0.160592
0.486975
0.860861
0.285841
0.997426
0.156719
0.963696
0.774356
0.926244
0.976613
0.992962
0.999055
0.038730
0.985546
0.999843
0.980087
0.982284
0.992286
0.978024
0.233814
0.037826
0.986037
0.337062
0.016904
0.000070
0.021609
0.316826
0.156327
0.997827
0.104953
0.076287
0.973172
0.989364
0.206226
0.209548
0.204734
0.457622
0.501101
0.999822
0.044290
0.004724
0.768443
0.998954
0.021968
0.238131
0.000724
0.999912
0.995981
0.253556
0.000674
0.804624
0.605176
0.072804
0.002067
0.069506
0.032007
0.001258
0.999889
0.988491
0.112229
0.000284
0.000351
0.454566
0.001085
0.159708
0.079952
0.007097
0.799567
0.071056
0.850334
0.989160
0.629580
0.239862
0.903907
0.308951
0.139361
0.999204
0.934692
0.484984
0.997075
0.998493
0.166925
0.113249
0.002464
0.943595
0.000404
0.060023
0.136047
0.875450
0.992856
0.574945
0.023289
0.999194
0.925002
0.100172
0.838764
0.057387
0.454225
0.999793
0.954342
0.343277
0.333091
0.999530
0.479961
0.994529
0.490282
0.250436
0.173099
0.986983
0.030245
0.000243
0.998676
0.602666
0.449096
0.999552
0.000575
0.084184
0.903433
0.736807
0.037374
0.000740
0.068831
0.998746
0.994906
0.000092
0.671033
0.999866
0.815178
0.107317
0.001304
0.999932
0.454007
0.888163
0.949490
0.063734
0.005646
0.009620
0.984161
0.000577
0.118977
0.185779
0.012662
0.996728
0.035464
0.999461
0.950072
0.338395
0.619469
0.316813
0.999546
0.217872
0.197773
0.999949
0.996930
0.895538
0.511839
0.048767
0.986157
0.098830
0.258377
0.127054
0.000212
0.162422
0.000489
0.863610
0.001896
0.999188
0.998904
0.980612
0.995395
0.999157
0.047269
0.015150
0.235691
0.548494
0.009328
0.983138
0.002302
0.418828
0.998531
0.004691
0.990238
0.022462
0.990931
0.111945
0.997526
0.623888
0.301333
0.967240
0.941692
0.119019
0.774882
0.976135
0.894624
0.998560
0.061292
0.007320
0.062272
0.137430
0.000150
0.039633
0.238740
0.834450
0.983044
0.000331
0.999289
0.003000
0.262724
0.478761
0.199713
0.105924
0.999118
0.758797
0.868544
0.999778
0.079707
0.002134
0.114462
0.999724
0.585178
0.997050
0.003158
0.023977
0.999218
0.959927
0.852650
0.988050
0.218577
0.028982
0.505499
0.010855
0.096858
0.973997
0.999773
0.922442
0.000148
0.984227
0.002951
0.097102
0.998660
0.899433
0.000866
0.931766
0.000564
0.966495
0.999950
0.000702
0.075561
0.799065
0.985064
0.067058
0.000646
0.030879
0.036723
0.260857
0.996671
0.921612
0.008077
0.319277
0.986412
0.998297
0.000331
0.000201
0.999780
0.093162
0.169729
0.341055
0.423845
0.649359
0.985192
0.095851
0.998377
0.048051
0.002942
0.000169
0.861931
0.755411
0.855321
0.001010
0.998948
0.001849
0.033492
0.059624
0.998424
0.962464
0.001344
0.372570
0.999977
0.996695
0.698215
0.241502
0.999994
0.883302
0.211619
0.120891
0.242139
0.000221
0.093213
0.000624
0.145729
0.001566
0.570007
0.215945
0.925009
0.462114
0.719215
0.998778
0.769490
0.827344
0.941977
0.005807
0.073942
0.761050
0.118988
0.160585
0.000301
0.331284
0.814040
0.998990
0.002594
0.997587
0.955025
0.283431
0.179491
0.142228
0.004856
0.998738
0.997956
0.999108
0.299296
0.995388
0.115404
0.004072
0.993472
0.861615
0.000948
0.973243
0.026924
0.043257
0.412011
0.011209
0.813207
0.293875
0.998648
0.000096
0.996404
0.002110
0.040987
0.965417
0.000256
0.990876
0.000727
0.999876
0.958497
0.044647
0.999194
0.922036
0.996659
0.020373
0.000692
0.138057
0.076587
0.969196
0.096911
0.107746
0.996924
0.434360
0.996571
0.001860
0.273699
0.505602
0.001396
0.219521
0.676849
0.392117
0.036090
0.998756
0.002045
0.121907
0.004672
0.412962
0.331164
0.999806
0.998917
0.127068
0.559013
0.999931
0.000269
0.999505
0.774531
0.001455
0.059218
0.999982
0.584390
0.998611
0.002220
0.891778
0.163565
0.780809
0.406834
0.000973
0.670094
0.302829
0.947575
0.185545
0.996135
0.998972
0.007121
0.923199
0.633253
0.024623
0.006108
0.660212
0.980331
0.031336
0.008883
0.042438
0.999466
0.317742
0.230388
0.055484
0.994245
0.003410
0.992738
0.280648
0.999741
0.515653
0.989196
0.853407
0.285453
0.000919
0.002088
0.000385
0.146567
0.000635
0.309818
0.585052
0.002790
0.321994
0.397797
0.676434
0.004175
0.057700
0.984631
0.075525
0.996730
0.054653
0.055653
0.999454
0.996977
0.425498
0.005768
0.512756
0.599382
0.105082
0.000855
0.999157
0.999890
0.176769
0.000539
0.038182
0.178855
0.195948
0.013052
0.998744
0.023344
0.056721
0.327368
0.182032
0.999575
0.001363
0.999428
0.316223
0.966237
0.998933
0.002107
0.500311
0.001385
0.992751
0.241610
0.306292
0.609765
0.055359
0.357228
0.001089
0.643415
0.995301
0.054274
0.092571
0.039281
0.468217
0.186609
0.998151
0.959309
0.001719
0.000063
0.091955
0.999956
0.137924
0.894105
0.996690
0.032474
0.068147
0.961756
0.067351
0.997691
0.098015
0.998269
0.007644
0.999485
0.228893
0.790671
0.999860
0.102084
0.000295
0.389326
0.998348
0.615167
0.998824
0.913085
0.998666
0.514700
0.428072
0.981330
0.830633
0.040393
0.842120
0.999291
0.894142
0.023628
0.078804
0.061625
0.080560
0.999171
0.988750
0.999911
0.000774
0.980027
0.874642
0.845309
0.999305
0.001854
0.997249
0.999622
0.997046
0.999140
0.224248
0.946441
0.996674
0.074001
0.987879
0.165827
0.560577
0.999949
0.004659
0.037862
0.998683
0.287118
0.999554
0.722190
0.987189
0.010093
0.000156
0.999674
0.999201
0.123120
0.325766
0.999781
0.182210
0.000140
0.360809
0.999597
0.197955
0.994518
0.002339
0.006245
0.731840
0.957315
0.997953
0.000628
0.004570
0.907148
0.383481
0.187169
0.061714
0.986413
0.006356
0.995703
0.998860
0.999655
0.996111
0.999921
0.179590
0.996595
0.993654
0.990492
0.535001
0.147395
0.495942
0.021807
0.062249
0.673685
0.998212
0.996478
0.901014
0.025348
0.222394
0.003582
0.001027
0.957199
0.139933
0.398226
0.803699
0.917489
0.238261
0.994962
0.023598
0.000145
0.371499
0.000564
0.997451
0.874836
0.999914
0.647480
0.016109
0.079661
0.999835
0.943182
0.014253
0.951177
0.268954
0.992523
0.999473
0.999902
0.951622
0.996003
0.496529
0.851160
0.000399
0.003893
0.919176
0.120713
0.673035
0.999868
0.467385
0.499035
0.000719
0.002715
0.963632
0.999877
0.975754
0.154597
0.078480
0.983705
0.062560
0.995679
0.997473
0.450611
0.221269
0.143442
0.103247
0.998650
0.437337
0.464704
0.933867
0.840644
0.713123
0.017394
0.999646
0.075250
0.916171
0.957861
0.147866
0.999966
0.264916
0.997330
0.100125
0.001632
0.999705
0.112537
0.998876
0.238281
0.029015
0.090459
0.997747
0.999809
0.939120
0.130847
0.795937
0.998589
0.031596
0.994737
0.999764
0.999032
0.068938
0.270711
0.999696
0.996135
0.272092
0.998372
0.950182
0.836812
0.004190
0.343572
0.975577
0.010790
0.245068
0.408470
0.908326
0.312687
0.999913
0.369151
0.983993
0.998826
0.929281
0.996621
0.424413
0.944722
0.000729
0.997732
0.059660
0.006890
0.718301
0.999189
0.147406
0.852899
0.994385
0.000285
0.204459
0.000284
0.999938
0.740721
0.999753
0.999641
0.001483
0.970626
0.997818
0.006620
0.997576
0.688747
0.082301
0.171190
0.050540
0.710734
0.603405
0.998686
0.818306
0.860078
0.767552
0.109122
0.971575
0.999462
0.032270
0.792060
0.042261
0.779453
0.645333
0.018508
0.999978
0.151818
0.999258
0.725541
0.215716
0.997158
0.983015
0.998037
0.997791
0.489695
0.934235
0.006744
0.004182
0.582832
0.991650
0.001391
0.999958
0.993368
0.000136
0.999875
0.998369
0.006430
0.996177
0.978108
0.487729
0.919059
0.783195
0.000805
0.537545
0.616857
0.999251
0.817405
0.165612
0.002617
0.191516
0.094919
0.002772
0.252209
0.415048
0.171723
0.105774
0.929079
0.999532
0.110938
0.972236
0.251529
0.338706
0.207408
0.049453
0.000144
0.998975
0.976849
0.420903
0.318317
0.998177
0.895077
0.999692
0.001087
0.388999
0.993885
0.285316
0.433367
0.004058
0.999852
0.993269
0.998882
0.994097
0.000531
0.375228
0.262932
0.004660
0.136802
0.998884
0.746847
0.327978
0.072160
0.002355
0.000669
0.139256
0.872354
0.027860
0.492832
0.999974
0.997470
0.973924
0.999510
0.995628
0.980924
0.045534
0.009680
0.901019
0.052755
0.923813
0.000673
0.183977
0.648913
0.035537
0.909955
0.922357
0.973324
0.948744
0.000814
0.991385
0.000137
0.000875
0.064492
0.000418
0.155774
0.001225
0.937250
0.223308
0.004753
0.790945
0.962001
0.279462
0.730114
0.000188
0.049377
0.000422
0.987169
0.035494
0.992426
0.000548
0.998614
0.009102
0.170678
0.996806
0.995914
0.994830
0.248021
0.269745
0.168945
0.998750
0.509089
0.001675
0.616982
0.001033
0.200145
0.678555
0.857430
0.304500
0.982913
0.957852
0.002200
0.999914
0.010524
0.995946
0.053736
0.987156
0.000956
0.995391
0.029078
0.999742
0.261682
0.950443
0.433880
0.999265
0.583028
0.035157
0.999636
0.172203
0.227521
0.997764
0.978989
0.028119
0.018227
0.059268
0.999827
0.089009
0.000192
0.544889
0.238007
0.999769
0.017884
0.006055
0.068163
0.210266
0.593508
0.974922
0.312402
0.091160
0.999750
0.998773
0.001519
0.069453
0.000706
0.413200
0.515989
0.999636
0.999765
0.988690
0.978816
0.000097
0.169900
0.992964
0.392492
0.421343
0.310798
0.994649
0.917615
0.277841
0.000352
0.999994
0.013719
0.994955
0.999746
0.059460
0.998442
0.196617
0.146871
0.995342
0.899544
0.998798
0.946475
0.999626
0.674113
0.999809
0.152070
0.998087
0.997226
0.227039
0.080829
0.781207
0.009810
0.340371
0.985248
0.003007
0.139994
0.086981
0.267747
0.001297
0.897288
0.024803
0.157492
0.158303
0.002150
0.334896
0.009634
0.001492
0.066044
0.999520
0.993208
0.617282
0.037481
0.616491
0.012903
0.001772
0.074697
0.024754
0.003839
0.999889
0.089119
0.707799
0.963124
0.995835
0.999213
0.918741
0.982894
0.669746
0.005528
0.996096
0.411367
0.222415
0.064222
0.006117
0.010902
0.997952
0.997900
0.999587
0.001937
