0.009715 0.985880 0.004404
0.874130 0.123659 0.002211
0.000035 0.999752 0.000213
0.304361 0.693912 0.001727
0.953985 0.030265 0.015749
0.176123 0.776065 0.047812
0.090936 0.894045 0.015019
0.348406 0.022716 0.628878
0.613546 0.386106 0.000348
0.065501 0.934150 0.000350
0.000008 0.999859 0.000133
0.006883 0.985200 0.007917
0.000313 0.998797 0.000890
0.777934 0.001416 0.220650
0.001596 0.108939 0.889465
0.844505 0.150313 0.005183
0.117673 0.858692 0.023635
0.000017 0.999783 0.000200
0.944440 0.010394 0.045166
0.372470 0.627290 0.000240
0.020432 0.976610 0.002958
0.010108 0.356444 0.633447
0.821032 0.088081 0.090888
0.301900 0.687587 0.010513
0.824472 0.174388 0.001140
0.007167 0.991911 0.000922
0.016478 0.982206 0.001316
0.555891 0.428650 0.015460
0.927485 0.006738 0.065777
0.051519 0.945757 0.002724
0.040420 0.939055 0.020525
0.000582 0.999290 0.000127
0.783445 0.002371 0.214183
0.806091 0.045360 0.148549
0.970405 0.023198 0.006396
0.956565 0.028950 0.014485
0.906089 0.002435 0.091476
0.003355 0.996199 0.000446
0.957606 0.017161 0.025233
0.000187 0.999772 0.000040
0.280623 0.638494 0.080883
0.932254 0.066954 0.000792
0.000005 0.993297 0.006698
0.284638 0.711424 0.003938
0.395757 0.568253 0.035990
0.793569 0.001474 0.204957
0.351719 0.055563 0.592718
0.966750 0.023209 0.010041
0.287493 0.031445 0.681062
0.000431 0.999456 0.000112
0.077963 0.890116 0.031921
0.528210 0.019883 0.451907
0.000001 0.999984 0.000015
0.091575 0.090087 0.818338
0.129186 0.867226 0.003588
0.793605 0.002198 0.204197
0.000721 0.987136 0.012143
0.962072 0.014695 0.023233
0.005468 0.991749 0.002783
0.361470 0.623925 0.014605
0.141030 0.857991 0.000979
0.326096 0.551781 0.122123
0.836654 0.056753 0.106594
0.114497 0.871505 0.013998
0.017767 0.982190 0.000044
0.000138 0.998798 0.001064
0.000030 0.999436 0.000534
0.967703 0.021540 0.010757
0.539512 0.457791 0.002698
0.885837 0.001923 0.112240
0.985377 0.006916 0.007708
0.964108 0.000831 0.035061
0.516193 0.012288 0.471519
0.000266 0.999583 0.000151
0.921534 0.033847 0.044619
0.011685 0.960016 0.028299
0.004069 0.995756 0.000175
0.464705 0.360964 0.174331
0.092607 0.848515 0.058878
0.000765 0.935888 0.063347
0.648765 0.000051 0.351184
0.006067 0.992193 0.001740
0.917013 0.080414 0.002574
0.006211 0.990945 0.002844
0.066965 0.932738 0.000297
0.000541 0.997807 0.001653
0.984286 0.000879 0.014835
0.082771 0.916004 0.001225
0.079859 0.917886 0.002255
0.045577 0.954320 0.000103
0.161752 0.837977 0.000271
0.000680 0.996540 0.002780
0.007994 0.991733 0.000273
0.000026 0.989980 0.009994
0.600767 0.271158 0.128075
0.113072 0.886881 0.000047
0.914429 0.081038 0.004533
0.982617 0.003178 0.014205
0.021068 0.000075 0.978858
0.485896 0.384663 0.129440
0.739598 0.247276 0.013126
0.000017 0.999872 0.000110
0.756456 0.240732 0.002811
0.023645 0.962155 0.014200
0.033463 0.964991 0.001547
0.200843 0.208405 0.590752
0.008731 0.937270 0.053999
0.039162 0.001020 0.959818
0.000016 0.999966 0.000018
0.000049 0.995606 0.004344
0.926342 0.071119 0.002540
0.950949 0.009700 0.039351
0.853708 0.045579 0.100713
0.004821 0.994953 0.000226
0.037082 0.017150 0.945768
0.855114 0.119965 0.024921
0.000144 0.999169 0.000687
0.085210 0.905034 0.009757
0.002790 0.996396 0.000813
0.004830 0.989479 0.005691
0.924942 0.069894 0.005164
0.573996 0.232455 0.193549
0.816205 0.016979 0.166816
0.811407 0.011795 0.176798
0.546574 0.393016 0.060410
0.000003 0.999988 0.000009
0.128958 0.870797 0.000245
0.000545 0.999336 0.000119
0.021037 0.978213 0.000750
0.972363 0.003825 0.023813
0.003380 0.981405 0.015215
0.026303 0.973685 0.000012
0.276487 0.708111 0.015403
0.002086 0.997221 0.000692
0.045255 0.936169 0.018576
0.008324 0.991499 0.000177
0.902334 0.017510 0.080157
0.105454 0.001322 0.893223
0.960872 0.007834 0.031294
0.985621 0.001839 0.012540
0.076453 0.922790 0.000757
0.013048 0.977938 0.009015
0.012558 0.987414 0.000028
0.957793 0.002752 0.039455
0.349992 0.647828 0.002180
0.792072 0.203846 0.004082
0.001224 0.986417 0.012359
0.891599 0.107773 0.000628
0.428423 0.018776 0.552801
0.956697 0.002719 0.040584
0.000023 0.999970 0.000006
0.765646 0.201676 0.032678
0.000010 0.999986 0.000004
0.281863 0.709756 0.008381
0.975438 0.006567 0.017995
0.614405 0.026401 0.359193
0.929580 0.059998 0.010422
0.014241 0.980615 0.005144
0.024820 0.972488 0.002692
0.972382 0.004981 0.022637
0.007909 0.004249 0.987843
0.800195 0.175498 0.024307
0.971910 0.007710 0.020380
0.799733 0.152839 0.047428
0.001789 0.094762 0.903450
0.912808 0.084559 0.002634
0.024142 0.968801 0.007057
0.978041 0.006785 0.015175
0.003746 0.850848 0.145406
0.591916 0.082870 0.325215
0.000896 0.976265 0.022839
0.000666 0.999156 0.000178
0.000001 0.999624 0.000375
0.000224 0.974030 0.025746
0.003883 0.915527 0.080591
0.000020 0.993025 0.006955
0.892443 0.097268 0.010289
0.046884 0.949399 0.003717
0.000025 0.998843 0.001132
0.893392 0.010264 0.096343
0.985161 0.008648 0.006191
0.000604 0.667675 0.331721
0.965369 0.023018 0.011613
0.949207 0.046679 0.004114
0.881704 0.002123 0.116173
0.009335 0.990366 0.000300
0.007173 0.992731 0.000096
0.000000 0.999711 0.000289
0.974967 0.013514 0.011519
0.744730 0.241451 0.013819
0.978461 0.009568 0.011971
0.001800 0.997168 0.001032
0.002517 0.996795 0.000688
0.030381 0.650837 0.318782
0.111581 0.195350 0.693069
0.003672 0.996289 0.000039
0.994456 0.003857 0.001688
0.979289 0.017124 0.003587
0.128766 0.697109 0.174125
0.000285 0.994003 0.005712
0.000046 0.999898 0.000055
0.005343 0.991459 0.003198
0.001582 0.998032 0.000386
0.934929 0.061362 0.003709
0.946409 0.001243 0.052347
0.800647 0.110166 0.089188
0.795144 0.172009 0.032847
0.000182 0.986980 0.012838
0.000021 0.999790 0.000188
0.006069 0.959864 0.034067
0.011985 0.984121 0.003895
0.037274 0.956975 0.005751
0.637741 0.003617 0.358641
0.000065 0.999878 0.000058
0.494944 0.503607 0.001449
0.036045 0.960383 0.003573
0.527437 0.321538 0.151024
0.004803 0.981439 0.013758
0.000920 0.995642 0.003438
0.955464 0.037378 0.007158
0.972831 0.013387 0.013782
0.953923 0.004568 0.041510
0.033105 0.966394 0.000501
0.949974 0.023190 0.026836
0.933167 0.056210 0.010624
0.644843 0.164681 0.190476
0.000050 0.999804 0.000147
0.887136 0.095303 0.017562
0.020485 0.978981 0.000534
0.443893 0.542883 0.013224
0.316766 0.671100 0.012134
0.987260 0.010204 0.002537
0.934532 0.003236 0.062232
0.014557 0.805188 0.180255
0.020606 0.977323 0.002071
0.028691 0.967987 0.003321
0.769668 0.002342 0.227989
0.304711 0.347793 0.347496
0.000382 0.995817 0.003801
0.049275 0.950352 0.000373
0.000000 0.999977 0.000023
0.934101 0.064815 0.001084
0.873402 0.002162 0.124436
0.002684 0.698052 0.299264
0.005085 0.987752 0.007163
0.030690 0.477915 0.491395
0.002544 0.082113 0.915343
0.777749 0.079544 0.142707
0.022948 0.976586 0.000466
0.005278 0.876798 0.117924
0.000012 0.999632 0.000355
0.002067 0.995378 0.002555
0.977379 0.022431 0.000189
0.959603 0.037455 0.002941
0.928340 0.044975 0.026686
0.977269 0.004652 0.018079
0.695841 0.297007 0.007152
0.078708 0.000583 0.920710
0.001142 0.580527 0.418331
0.282755 0.713836 0.003408
0.149006 0.833717 0.017277
0.007926 0.989516 0.002558
0.003039 0.996828 0.000133
0.044879 0.952147 0.002973
0.012916 0.030791 0.956294
0.582220 0.009771 0.408009
0.005721 0.000419 0.993860
0.938706 0.001086 0.060208
0.814415 0.180815 0.004770
0.970491 0.018677 0.010832
0.933909 0.045235 0.020856
0.012977 0.983450 0.003573
0.000008 0.999939 0.000052
0.034658 0.953760 0.011582
0.066176 0.910244 0.023580
0.773394 0.005011 0.221595
0.000023 0.080760 0.919217
0.949345 0.019869 0.030787
0.449168 0.542116 0.008716
0.001967 0.997954 0.000079
0.930286 0.065281 0.004433
0.802696 0.105474 0.091830
0.031925 0.257707 0.710368
0.005541 0.994429 0.000030
0.000472 0.999480 0.000048
0.025707 0.968641 0.005652
0.008579 0.986480 0.004942
0.018747 0.980813 0.000440
0.081661 0.017130 0.901209
0.143601 0.073678 0.782722
0.000086 0.999460 0.000454
0.013057 0.007545 0.979398
0.744993 0.015439 0.239568
0.002290 0.986508 0.011202
0.967596 0.016347 0.016057
0.003072 0.996843 0.000085
0.816834 0.006187 0.176978
0.806962 0.191303 0.001736
0.000044 0.898488 0.101468
0.799801 0.193206 0.006993
0.000595 0.999308 0.000097
0.014054 0.985823 0.000123
0.534748 0.461597 0.003655
0.000001 0.999719 0.000280
0.000955 0.998618 0.000427
0.000425 0.967230 0.032345
0.165197 0.000346 0.834458
0.045700 0.936772 0.017528
0.007847 0.790547 0.201606
0.917123 0.004129 0.078748
0.000001 0.985332 0.014668
0.001626 0.985094 0.013280
0.002033 0.997835 0.000132
0.752305 0.012446 0.235249
0.481881 0.507795 0.010323
0.290025 0.709360 0.000615
0.858478 0.137067 0.004455
0.907184 0.004399 0.088418
0.000126 0.999271 0.000603
0.000021 0.995173 0.004806
0.000611 0.999132 0.000257
0.000060 0.999900 0.000040
0.962745 0.033668 0.003587
0.937856 0.053369 0.008775
0.033433 0.963533 0.003034
0.973921 0.007615 0.018465
0.381942 0.017397 0.600661
0.209229 0.016381 0.774391
0.799362 0.198686 0.001951
0.105359 0.890776 0.003865
0.938231 0.003600 0.058169
0.076760 0.886532 0.036709
0.976644 0.022970 0.000386
0.926532 0.070845 0.002623
0.987147 0.001920 0.010933
0.000049 0.999855 0.000096
0.127993 0.807365 0.064642
0.017939 0.981380 0.000681
0.698149 0.288126 0.013725
0.003363 0.995460 0.001177
0.003150 0.995164 0.001687
0.055770 0.925344 0.018886
0.950772 0.042487 0.006741
0.693826 0.178578 0.127596
0.000002 0.999325 0.000673
0.960806 0.017084 0.022109
0.631882 0.359556 0.008562
0.974102 0.025552 0.000346
0.008366 0.991331 0.000303
0.035616 0.953983 0.010401
0.959699 0.034950 0.005351
0.000864 0.997236 0.001900
0.328156 0.667412 0.004432
0.074969 0.923553 0.001478
0.003403 0.996288 0.000309
0.635968 0.278636 0.085396
0.015027 0.975511 0.009462
0.951509 0.001531 0.046960
0.010526 0.960525 0.028949
0.970381 0.029571 0.000048
0.049444 0.530700 0.419856
0.000021 0.999933 0.000046
0.227510 0.707581 0.064909
0.037372 0.962209 0.000419
0.000445 0.997484 0.002071
0.000001 0.999984 0.000014
0.973972 0.001147 0.024882
0.182672 0.029035 0.788293
0.938701 0.049374 0.011925
0.000269 0.999482 0.000249
0.908792 0.081898 0.009310
0.884925 0.017467 0.097608
0.962758 0.002375 0.034867
0.913629 0.083158 0.003213
0.809988 0.177092 0.012920
0.006694 0.975121 0.018185
0.878023 0.004355 0.117622
0.175227 0.000622 0.824151
0.621104 0.376425 0.002471
0.000017 0.999978 0.000005
0.811015 0.170758 0.018226
0.799846 0.079702 0.120452
0.916034 0.070432 0.013534
0.059155 0.940252 0.000594
0.144463 0.830622 0.024915
0.712262 0.012385 0.275353
0.000035 0.999798 0.000168
0.962613 0.024659 0.012728
0.029672 0.969596 0.000732
0.959669 0.034240 0.006091
0.897524 0.061698 0.040779
0.326410 0.370626 0.302964
0.050461 0.002823 0.946716
0.878086 0.090624 0.031290
0.013301 0.985793 0.000906
0.000458 0.993076 0.006467
0.911700 0.087681 0.000619
0.000068 0.999892 0.000040
0.962502 0.034349 0.003149
0.949462 0.048952 0.001587
0.654287 0.008801 0.336913
0.358474 0.012932 0.628594
0.981639 0.011541 0.006820
0.107056 0.018850 0.874094
0.602670 0.238932 0.158399
0.745240 0.236993 0.017768
0.724856 0.001424 0.273720
0.768098 0.002066 0.229836
0.870503 0.127304 0.002193
0.004947 0.994978 0.000075
0.096921 0.876302 0.026777
0.918469 0.003309 0.078222
0.001113 0.996119 0.002768
0.124125 0.865308 0.010568
0.001505 0.998423 0.000072
0.985620 0.012305 0.002075
0.616731 0.044416 0.338853
0.001198 0.998717 0.000085
0.016469 0.983396 0.000136
0.000203 0.999745 0.000053
0.278514 0.719768 0.001718
0.023935 0.965733 0.010333
0.871895 0.003033 0.125071
0.930352 0.023919 0.045729
0.916266 0.083588 0.000146
0.432136 0.002082 0.565782
0.802409 0.179893 0.017698
0.005756 0.992820 0.001423
0.037200 0.962435 0.000366
0.862430 0.046398 0.091172
0.552294 0.021792 0.425914
0.958138 0.024534 0.017327
0.832168 0.103007 0.064824
0.927799 0.008477 0.063724
0.884924 0.090597 0.024479
0.001844 0.989670 0.008487
0.001004 0.994552 0.004444
0.001395 0.996849 0.001756
0.169539 0.010836 0.819625
0.692301 0.000942 0.306757
0.000002 0.712121 0.287878
0.003015 0.996390 0.000594
0.054452 0.940957 0.004591
0.946006 0.048084 0.005910
0.000027 0.999961 0.000012
0.002262 0.996792 0.000947
0.217553 0.031222 0.751226
0.046323 0.948246 0.005431
0.879204 0.120662 0.000134
0.000512 0.999397 0.000091
0.330958 0.594743 0.074300
0.101217 0.009048 0.889735
0.427802 0.041245 0.530953
0.009569 0.954331 0.036100
0.018791 0.053435 0.927774
0.720599 0.000310 0.279091
0.952611 0.020808 0.026581
0.000981 0.987310 0.011709
0.836606 0.072675 0.090719
0.892159 0.098661 0.009180
0.963890 0.006654 0.029456
0.170072 0.829241 0.000687
0.000641 0.998518 0.000841
0.985354 0.013188 0.001458
0.937616 0.049406 0.012978
0.001928 0.998024 0.000048
0.300117 0.003359 0.696525
0.000002 0.999987 0.000012
0.000422 0.997158 0.002419
0.026015 0.972888 0.001097
0.385670 0.610732 0.003598
0.158880 0.837841 0.003279
0.000005 0.999885 0.000110
0.000172 0.999797 0.000031
0.146474 0.853204 0.000322
0.779759 0.215945 0.004296
0.001816 0.997536 0.000648
0.913293 0.011591 0.075117
0.852477 0.116625 0.030898
0.000003 0.999981 0.000016
0.068877 0.700825 0.230298
0.735392 0.259369 0.005239
0.725671 0.000574 0.273755
0.930397 0.013128 0.056475
0.797971 0.005205 0.196824
0.002843 0.996300 0.000857
0.248691 0.724914 0.026395
0.016174 0.143757 0.840070
0.001548 0.993280 0.005172
0.007634 0.992355 0.000011
0.001799 0.678750 0.319451
0.258805 0.423913 0.317283
0.971228 0.019826 0.008946
0.960167 0.001059 0.038774
0.816122 0.011806 0.172072
0.016831 0.982163 0.001006
0.000752 0.995018 0.004230
0.910512 0.036881 0.052607
0.009811 0.947976 0.042213
0.951717 0.009198 0.039085
0.000024 0.999933 0.000043
0.000000 1.000000 0.000000
0.889639 0.108030 0.002331
0.428686 0.019948 0.551366
0.715195 0.200886 0.083919
0.941965 0.038503 0.019531
0.831221 0.160932 0.007848
0.930485 0.061783 0.007733
0.277733 0.640337 0.081931
0.719974 0.001109 0.278916
0.871239 0.125301 0.003461
0.096638 0.889407 0.013955
0.002967 0.996430 0.000603
0.001252 0.991270 0.007478
0.000070 0.999921 0.000009
0.870272 0.044946 0.084782
0.978060 0.013045 0.008894
0.885008 0.102800 0.012191
0.987258 0.006497 0.006246
0.889867 0.017878 0.092256
0.301808 0.291931 0.406261
0.937780 0.009213 0.053007
0.864470 0.135364 0.000166
0.096012 0.903202 0.000786
0.927571 0.058116 0.014313
0.005055 0.735483 0.259462
0.828416 0.003187 0.168398
0.141563 0.029295 0.829142
0.000003 0.999769 0.000228
0.004506 0.991697 0.003797
0.963415 0.011499 0.025085
0.183438 0.816007 0.000556
0.000446 0.996532 0.003022
0.037020 0.961709 0.001272
0.051335 0.947818 0.000847
0.354175 0.639037 0.006788
0.000002 0.999944 0.000054
0.757630 0.234123 0.008248
0.000706 0.999080 0.000214
0.021793 0.972033 0.006173
0.000316 0.999600 0.000083
0.593180 0.007742 0.399078
0.000169 0.999027 0.000804
0.955141 0.038561 0.006298
0.008907 0.990986 0.000107
0.249102 0.078007 0.672891
0.870969 0.121560 0.007471
0.001867 0.997199 0.000933
0.241218 0.743888 0.014894
0.846206 0.096956 0.056838
0.028457 0.813533 0.158010
0.000001 0.999995 0.000003
0.945028 0.049321 0.005652
0.000007 0.999881 0.000112
0.071315 0.914739 0.013946
0.706031 0.287620 0.006349
0.994515 0.001380 0.004105
0.000402 0.998920 0.000678
0.000000 0.999981 0.000019
0.004374 0.995255 0.000371
0.003232 0.994331 0.002437
0.106464 0.880323 0.013213
0.017909 0.980333 0.001758
0.896066 0.103765 0.000169
0.899933 0.047214 0.052853
0.469153 0.303740 0.227108
0.000020 0.999948 0.000031
0.081158 0.908101 0.010741
0.896946 0.008039 0.095015
0.614241 0.009615 0.376144
0.178960 0.820987 0.000053
0.000232 0.995400 0.004369
0.006785 0.991636 0.001579
0.002519 0.989563 0.007918
0.013765 0.984781 0.001454
0.016389 0.983466 0.000145
0.934710 0.057095 0.008195
0.000007 0.999972 0.000021
0.008796 0.988646 0.002558
0.001698 0.998133 0.000169
0.587388 0.410329 0.002284
0.819678 0.017581 0.162741
0.059410 0.930435 0.010155
0.048561 0.951268 0.000171
0.896768 0.009991 0.093241
0.000096 0.001497 0.998407
0.000920 0.997527 0.001554
0.158419 0.038520 0.803061
0.642342 0.004885 0.352772
0.598212 0.000713 0.401075
0.888452 0.083620 0.027928
0.868461 0.128940 0.002599
0.065048 0.932993 0.001958
0.000000 1.000000 0.000000
0.001914 0.997993 0.000093
0.982901 0.004111 0.012988
0.250788 0.663920 0.085293
0.000201 0.999767 0.000032
0.001991 0.177520 0.820489
0.003735 0.980163 0.016102
0.014674 0.973588 0.011739
0.141675 0.856801 0.001525
0.034037 0.930289 0.035673
0.000011 0.999901 0.000088
0.001165 0.998210 0.000625
0.016587 0.982021 0.001392
0.056475 0.941125 0.002400
0.000073 0.998540 0.001387
0.859403 0.026903 0.113694
0.000492 0.999490 0.000018
0.968306 0.030163 0.001532
0.004560 0.995363 0.000077
0.278995 0.720981 0.000025
0.029058 0.969060 0.001882
0.000273 0.998953 0.000774
0.538899 0.366370 0.094731
0.606957 0.360641 0.032402
0.208246 0.774936 0.016818
0.000001 0.999963 0.000036
0.976803 0.006530 0.016667
0.980968 0.011962 0.007070
0.019423 0.951532 0.029045
0.755609 0.242058 0.002333
0.000967 0.998400 0.000633
0.001310 0.998646 0.000044
0.135463 0.863058 0.001479
0.251506 0.194639 0.553855
0.085189 0.005752 0.909060
0.786249 0.207157 0.006594
0.933512 0.054829 0.011658
0.003472 0.994415 0.002113
0.000767 0.995775 0.003458
0.956574 0.041405 0.002020
0.000067 0.999927 0.000006
0.974877 0.013767 0.011356
0.000481 0.790284 0.209235
0.142186 0.856941 0.000872
0.961400 0.002887 0.035712
0.910433 0.085111 0.004456
0.015216 0.966892 0.017892
0.003972 0.995823 0.000205
0.000281 0.997188 0.002531
0.934702 0.030241 0.035057
0.922640 0.041916 0.035444
0.001308 0.994010 0.004682
0.680250 0.307144 0.012606
0.087203 0.912209 0.000588
0.002040 0.997682 0.000278
0.092459 0.317453 0.590088
0.075390 0.878899 0.045711
0.962976 0.036719 0.000305
0.983194 0.013353 0.003453
0.017388 0.979892 0.002720
0.000267 0.048462 0.951270
0.026853 0.964864 0.008283
0.457177 0.022072 0.520751
0.794115 0.099082 0.106802
0.976162 0.018686 0.005152
0.919270 0.011057 0.069672
0.764634 0.137010 0.098356
0.000033 0.999951 0.000017
0.320266 0.678483 0.001250
0.599244 0.002115 0.398642
0.003569 0.996378 0.000053
0.000066 0.999660 0.000273
0.962664 0.036455 0.000880
0.329480 0.504058 0.166462
0.009871 0.989707 0.000422
0.082419 0.850452 0.067129
0.011014 0.981699 0.007287
0.000013 0.998999 0.000988
0.907096 0.069270 0.023634
0.010676 0.988725 0.000598
0.957863 0.041182 0.000954
0.047288 0.873675 0.079037
0.357175 0.638769 0.004057
0.009825 0.986042 0.004133
0.003251 0.996519 0.000231
0.920352 0.036650 0.042999
0.000220 0.999546 0.000234
0.168514 0.062610 0.768877
0.504899 0.486409 0.008692
0.000073 0.999633 0.000294
0.000631 0.989430 0.009938
0.662250 0.323131 0.014620
0.294572 0.009990 0.695438
0.004939 0.990792 0.004269
0.007895 0.990202 0.001903
0.898047 0.074752 0.027200
0.916873 0.054229 0.028898
0.001162 0.998722 0.000116
0.005085 0.986651 0.008264
0.011228 0.979548 0.009223
0.929238 0.020503 0.050260
0.871392 0.122696 0.005912
0.983927 0.015088 0.000985
0.867112 0.110910 0.021978
0.948068 0.014014 0.037918
0.953316 0.039322 0.007362
0.756520 0.223019 0.020462
0.000377 0.999099 0.000524
0.041679 0.001106 0.957215
0.000007 0.999957 0.000037
0.334752 0.646846 0.018402
0.854614 0.101526 0.043861
0.985851 0.003810 0.010339
0.152198 0.840654 0.007148
0.000086 0.999481 0.000434
0.939898 0.001187 0.058915
0.011340 0.505838 0.482822
0.089294 0.898205 0.012500
0.956170 0.030511 0.013320
0.123757 0.869442 0.006801
0.968548 0.020329 0.011123
0.870105 0.125353 0.004542
0.000296 0.998796 0.000908
0.000034 0.999835 0.000130
0.000491 0.999405 0.000104
0.000000 0.999987 0.000013
0.931394 0.041738 0.026868
0.962115 0.029744 0.008141
0.826974 0.172063 0.000963
0.781762 0.213607 0.004631
0.014837 0.983647 0.001516
0.967218 0.026522 0.006259
0.000797 0.993748 0.005455
0.981817 0.008140 0.010043
0.903153 0.090366 0.006481
0.080808 0.909320 0.009872
0.018958 0.976522 0.004520
0.933433 0.013541 0.053026
0.000005 0.999519 0.000475
0.359386 0.576384 0.064230
0.954468 0.003664 0.041868
0.079609 0.025317 0.895073
0.890652 0.000557 0.108791
0.000152 0.999423 0.000425
0.768615 0.220623 0.010762
0.017231 0.061044 0.921725
0.149182 0.848746 0.002071
0.093485 0.900788 0.005727
0.899580 0.085311 0.015109
0.000131 0.994463 0.005405
0.149630 0.848145 0.002225
0.961102 0.038074 0.000824
0.887193 0.109791 0.003016
0.926085 0.070151 0.003764
0.000917 0.998536 0.000546
0.907068 0.044570 0.048362
0.210991 0.000111 0.788898
0.673164 0.276801 0.050035
0.871609 0.003059 0.125332
0.405677 0.000109 0.594215
0.968351 0.020477 0.011172
0.430342 0.567124 0.002535
0.939342 0.058397 0.002260
0.916124 0.048957 0.034919
0.027132 0.003587 0.969281
0.976881 0.022346 0.000773
0.626985 0.003955 0.369060
0.979275 0.018420 0.002305
0.829205 0.002656 0.168139
0.001888 0.861801 0.136311
0.916294 0.077579 0.006127
0.167610 0.002431 0.829959
0.000023 0.999689 0.000288
0.015322 0.973405 0.011273
0.970092 0.024239 0.005670
0.989745 0.006282 0.003972
0.889163 0.101106 0.009732
0.153013 0.027000 0.819987
0.000008 0.839990 0.160002
0.794091 0.015800 0.190108
0.012398 0.025543 0.962059
0.000762 0.995545 0.003693
0.053645 0.943567 0.002788
0.100430 0.892896 0.006673
0.000016 0.978833 0.021151
0.039775 0.959489 0.000736
0.647446 0.001678 0.350876
0.000071 0.999896 0.000032
0.012788 0.986815 0.000396
0.686483 0.001052 0.312465
0.002206 0.007895 0.989899
0.634569 0.235748 0.129684
0.954174 0.041148 0.004677
0.004040 0.990662 0.005298
0.035365 0.600641 0.363994
0.065605 0.933589 0.000805
0.000054 0.999791 0.000155
0.000150 0.999791 0.000058
0.091320 0.000510 0.908170
0.005358 0.016867 0.977775
0.960313 0.037651 0.002036
0.004886 0.993577 0.001537
0.173291 0.823074 0.003635
0.003387 0.993772 0.002841
0.077278 0.918617 0.004105
0.983591 0.014940 0.001469
0.096093 0.897806 0.006100
0.868012 0.119138 0.012850
0.747496 0.058940 0.193564
0.957931 0.021022 0.021046
0.062961 0.075190 0.861849
0.023703 0.943235 0.033062
0.811644 0.041246 0.147109
0.967993 0.011225 0.020782
0.898318 0.101453 0.000229
0.928027 0.028554 0.043419
0.000343 0.946378 0.053279
0.014236 0.984927 0.000837
0.001197 0.997591 0.001212
0.926318 0.002929 0.070752
0.091102 0.901367 0.007530
0.154433 0.827895 0.017672
0.957357 0.035144 0.007499
0.791188 0.078212 0.130600
0.001438 0.698225 0.300337
0.000000 0.999999 0.000001
0.936783 0.001600 0.061617
0.041678 0.957874 0.000447
0.016590 0.983409 0.000000
0.498559 0.451176 0.050265
0.014527 0.970974 0.014498
0.004187 0.993039 0.002774
0.003757 0.994760 0.001482
0.614095 0.005176 0.380729
0.968631 0.026874 0.004495
0.025726 0.974233 0.000041
0.102601 0.000396 0.897004
0.025100 0.653374 0.321526
0.150665 0.847683 0.001651
0.844975 0.014989 0.140036
0.915504 0.063640 0.020857
0.000002 0.999986 0.000012
0.000796 0.996733 0.002471
0.962383 0.005965 0.031652
0.000691 0.990826 0.008483
0.195409 0.803357 0.001234
0.867833 0.118691 0.013477
0.112450 0.885570 0.001980
0.906547 0.092554 0.000899
0.745944 0.001806 0.252250
0.939524 0.011891 0.048584
0.974396 0.021694 0.003910
0.798788 0.152869 0.048343
0.948772 0.013913 0.037315
0.000004 0.999826 0.000170
0.912980 0.052787 0.034233
0.086506 0.003020 0.910474
0.971809 0.003966 0.024225
0.002391 0.997418 0.000192
0.413705 0.035759 0.550536
0.978779 0.015602 0.005619
0.000256 0.989680 0.010064
0.001363 0.998407 0.000231
0.976424 0.002154 0.021422
0.902170 0.010942 0.086888
0.054149 0.071570 0.874281
0.000179 0.981554 0.018267
0.014079 0.984507 0.001414
0.749121 0.250559 0.000320
0.000993 0.997324 0.001683
0.982999 0.003290 0.013711
0.935555 0.063053 0.001392
0.164925 0.834323 0.000752
0.036031 0.963931 0.000038
0.616413 0.286965 0.096622
0.438447 0.233018 0.328535
0.547377 0.445919 0.006704
0.878204 0.119519 0.002277
0.271113 0.721192 0.007695
0.009092 0.988576 0.002332
0.007040 0.986980 0.005980
0.000794 0.998848 0.000358
0.103207 0.891511 0.005281
0.960775 0.001598 0.037627
0.266196 0.722791 0.011013
0.786229 0.210271 0.003501
0.000312 0.990089 0.009599
0.000631 0.998097 0.001273
0.988412 0.001682 0.009906
0.019306 0.965968 0.014725
0.000867 0.998723 0.000410
0.256037 0.726884 0.017078
0.007788 0.988851 0.003361
0.170556 0.827703 0.001740
0.016678 0.974201 0.009121
0.894971 0.080204 0.024825
0.342143 0.615159 0.042698
0.735928 0.260834 0.003238
0.476859 0.500675 0.022466
0.027104 0.722536 0.250360
0.557135 0.001783 0.441082
0.004422 0.994163 0.001416
0.973593 0.010769 0.015638
0.953294 0.000477 0.046229
0.226293 0.764301 0.009405
0.026859 0.519972 0.453169
0.000000 0.999985 0.000015
0.003357 0.988440 0.008203
0.000000 0.999987 0.000013
0.377946 0.573499 0.048555
0.866445 0.063210 0.070345
0.024792 0.041507 0.933700
0.984689 0.006165 0.009145
0.388107 0.610186 0.001706
0.520023 0.003760 0.476217
0.924600 0.067860 0.007541
0.920375 0.074766 0.004859
0.004873 0.978106 0.017021
0.908855 0.090670 0.000475
0.000304 0.999415 0.000281
0.470835 0.527995 0.001171
0.081860 0.914091 0.004049
0.087572 0.034805 0.877623
0.875246 0.044423 0.080331
0.874104 0.115337 0.010559
0.802517 0.019069 0.178414
0.079074 0.163043 0.757883
0.050288 0.137897 0.811816
0.027613 0.971572 0.000815
0.004782 0.994428 0.000790
0.712292 0.287019 0.000689
0.000011 0.998713 0.001276
0.983073 0.012567 0.004360
0.000026 0.998888 0.001087
0.139117 0.003499 0.857384
0.966732 0.005347 0.027920
0.785688 0.214216 0.000096
0.004433 0.994597 0.000970
0.842769 0.088621 0.068609
0.902257 0.002048 0.095695
0.915945 0.061738 0.022317
0.000383 0.996908 0.002709
0.020669 0.972860 0.006471
0.771661 0.220335 0.008004
0.000001 0.999997 0.000002
0.969465 0.025418 0.005116
0.881808 0.038439 0.079754
0.149682 0.804174 0.046144
0.510165 0.485361 0.004473
0.029389 0.003868 0.966743
0.972408 0.026919 0.000673
0.016496 0.979042 0.004462
0.971228 0.000954 0.027818
0.980701 0.005367 0.013932
0.017933 0.032432 0.949635
0.182763 0.808134 0.009103
0.959006 0.024393 0.016601
0.001654 0.998263 0.000084
0.891431 0.108176 0.000393
0.898040 0.047019 0.054941
0.058106 0.940278 0.001616
0.920060 0.070638 0.009302
0.901400 0.097854 0.000747
0.128786 0.745044 0.126170
0.954512 0.043818 0.001670
0.000000 0.999820 0.000180
0.072389 0.909683 0.017929
0.051061 0.927951 0.020988
0.000213 0.999749 0.000038
0.579608 0.413923 0.006469
0.003539 0.996381 0.000080
0.871453 0.069840 0.058707
0.111509 0.843881 0.044611
0.000006 0.999804 0.000190
0.001945 0.703158 0.294897
0.027814 0.968355 0.003830
0.002690 0.996536 0.000774
0.804625 0.194504 0.000871
0.001106 0.998874 0.000020
0.025413 0.973770 0.000817
0.987255 0.004763 0.007982
0.000198 0.999366 0.000437
0.520248 0.001127 0.478626
0.001530 0.996950 0.001520
0.069158 0.926938 0.003905
0.013682 0.847094 0.139224
0.945246 0.050977 0.003777
0.036754 0.962781 0.000465
0.804701 0.001620 0.193679
0.964890 0.003731 0.031379
0.028251 0.964583 0.007166
0.069288 0.929889 0.000823
0.003031 0.996485 0.000484
0.007386 0.992089 0.000525
0.899000 0.008460 0.092541
0.056188 0.318144 0.625668
0.067803 0.931989 0.000207
0.000149 0.999674 0.000177
0.051494 0.932883 0.015623
0.851439 0.123984 0.024577
0.957687 0.039646 0.002667
0.000001 0.999926 0.000073
0.570994 0.425624 0.003382
0.000196 0.999762 0.000041
0.055994 0.943676 0.000330
0.088489 0.017789 0.893722
0.001077 0.998914 0.000010
0.942727 0.013808 0.043466
0.001001 0.960520 0.038479
0.000087 0.998088 0.001825
0.029455 0.945389 0.025156
0.749079 0.001255 0.249666
0.171768 0.828001 0.000231
0.004615 0.994812 0.000573
0.002824 0.995764 0.001413
0.009290 0.633625 0.357085
0.000500 0.634094 0.365407
0.016909 0.960572 0.022519
0.007081 0.968919 0.024000
0.114338 0.882263 0.003399
0.054227 0.943650 0.002123
0.947722 0.016969 0.035309
0.000171 0.978048 0.021781
0.112204 0.000640 0.887157
0.031371 0.965618 0.003010
0.000771 0.998179 0.001050
0.071970 0.295305 0.632725
0.010060 0.986460 0.003480
0.000005 0.999730 0.000265
0.023302 0.976606 0.000092
0.167678 0.062014 0.770308
0.000603 0.999108 0.000289
0.002583 0.997349 0.000068
0.000016 0.999977 0.000008
0.000137 0.998151 0.001712
0.001063 0.997726 0.001211
0.001561 0.998416 0.000023
0.962396 0.029706 0.007898
0.964486 0.004566 0.030948
0.003312 0.996361 0.000327
0.005365 0.987234 0.007401
0.000433 0.999359 0.000208
0.007436 0.988112 0.004452
0.200030 0.799363 0.000607
0.943687 0.050444 0.005869
0.689900 0.283622 0.026477
0.813775 0.057142 0.129083
0.000006 0.999549 0.000445
0.561478 0.074132 0.364390
0.005293 0.989980 0.004726
0.026201 0.630710 0.343089
0.080797 0.918780 0.000423
0.102040 0.009316 0.888644
0.109021 0.003850 0.887130
0.000799 0.999180 0.000020
0.000150 0.999793 0.000058
0.552376 0.443705 0.003919
0.040445 0.783323 0.176232
0.933580 0.063364 0.003056
0.075322 0.924086 0.000592
0.000698 0.940576 0.058726
0.039345 0.959696 0.000959
0.958251 0.039811 0.001938
0.004817 0.993908 0.001275
0.737818 0.009389 0.252793
0.004311 0.991746 0.003943
0.000172 0.998693 0.001135
0.000702 0.998573 0.000725
0.866597 0.103100 0.030303
0.979909 0.002254 0.017837
0.948655 0.016066 0.035279
0.001832 0.991424 0.006744
0.262378 0.554027 0.183594
0.000177 0.999374 0.000449
0.224200 0.006621 0.769179
0.020929 0.976332 0.002740
0.468891 0.009566 0.521543
0.038474 0.934381 0.027145
0.008249 0.000141 0.991610
0.000000 0.999967 0.000033
0.090630 0.908665 0.000705
0.002316 0.996655 0.001029
0.006453 0.976885 0.016661
0.008013 0.979330 0.012657
0.004138 0.995652 0.000210
0.001696 0.960137 0.038167
0.980523 0.012520 0.006956
0.484192 0.512632 0.003176
0.046206 0.937287 0.016507
0.974755 0.010031 0.015214
0.013684 0.946605 0.039712
0.313555 0.677684 0.008761
0.801473 0.003562 0.194965
0.024922 0.974040 0.001038
0.008077 0.977148 0.014775
0.000010 0.989690 0.010300
0.893660 0.106052 0.000288
0.120184 0.876603 0.003213
0.890781 0.079875 0.029343
0.979779 0.017625 0.002596
0.945810 0.054019 0.000171
0.936759 0.026955 0.036286
0.970510 0.005100 0.024390
0.751942 0.240893 0.007165
0.979801 0.010429 0.009770
0.099789 0.899090 0.001121
0.907266 0.091809 0.000925
0.947618 0.050142 0.002240
0.105431 0.894310 0.000259
0.957356 0.022963 0.019681
0.027137 0.968758 0.004105
0.976475 0.002190 0.021334
0.021856 0.794311 0.183833
0.000000 0.999999 0.000001
0.016760 0.001171 0.982069
0.013659 0.986010 0.000331
0.005806 0.993962 0.000231
0.909175 0.087584 0.003241
0.027054 0.971467 0.001478
0.001122 0.997871 0.001008
0.971453 0.025350 0.003197
0.001132 0.972971 0.025896
0.001144 0.997997 0.000858
0.000031 0.999703 0.000267
0.004219 0.989325 0.006456
0.975193 0.021863 0.002945
0.001230 0.998223 0.000547
0.027279 0.972338 0.000384
0.975928 0.013730 0.010342
0.000000 0.999960 0.000040
0.407965 0.039306 0.552729
0.310362 0.687144 0.002494
0.969180 0.025244 0.005575
0.002408 0.996691 0.000900
0.947733 0.048154 0.004114
0.930885 0.054672 0.014443
0.045067 0.772371 0.182563
0.574559 0.041142 0.384298
0.000004 0.999978 0.000018
0.241042 0.555376 0.203582
0.971080 0.020231 0.008689
0.197603 0.009322 0.793075
0.790389 0.205112 0.004499
0.000101 0.996168 0.003730
0.025676 0.973354 0.000971
0.168125 0.000566 0.831309
0.646602 0.008761 0.344637
0.060495 0.931413 0.008092
0.005468 0.948879 0.045653
0.000048 0.999950 0.000003
0.953985 0.044049 0.001966
0.985453 0.008571 0.005976
0.911038 0.078122 0.010841
0.141079 0.843886 0.015036
0.968276 0.001281 0.030443
0.065486 0.934232 0.000282
0.096713 0.866839 0.036448
0.946836 0.001749 0.051415
0.917857 0.081887 0.000256
0.880559 0.110379 0.009062
0.028757 0.942244 0.028998
0.977750 0.021384 0.000866
0.000036 0.999797 0.000167
0.425666 0.565486 0.008847
0.000151 0.999804 0.000046
0.055874 0.573676 0.370450
0.167069 0.811082 0.021850
0.749214 0.243141 0.007646
0.925537 0.005603 0.068860
0.947956 0.037309 0.014735
0.942193 0.052034 0.005772
0.660768 0.119767 0.219465
0.731021 0.266673 0.002306
0.714409 0.256846 0.028745
0.001123 0.998615 0.000262
0.040196 0.895609 0.064195
0.011755 0.977952 0.010293
0.092550 0.907113 0.000337
0.000737 0.999181 0.000083
0.078452 0.914780 0.006768
0.058381 0.941554 0.000065
0.925612 0.049786 0.024602
0.905411 0.002376 0.092213
0.983473 0.015534 0.000993
0.899208 0.098614 0.002178
0.229303 0.738761 0.031936
0.000007 0.997479 0.002514
0.015909 0.904032 0.080059
0.963915 0.034773 0.001312
0.889213 0.104783 0.006004
0.981701 0.015246 0.003053
0.000004 0.999981 0.000015
0.763535 0.213258 0.023207
0.000000 0.999939 0.000061
0.981524 0.016561 0.001915
0.164968 0.715522 0.119510
0.003001 0.237261 0.759739
0.912253 0.054130 0.033617
0.000133 0.999845 0.000022
0.000329 0.998647 0.001023
0.015937 0.893247 0.090816
0.993235 0.003252 0.003514
0.070240 0.046448 0.883312
0.000092 0.999901 0.000007
0.015428 0.939859 0.044713
0.000076 0.998696 0.001228
0.001109 0.980360 0.018532
0.970267 0.010935 0.018798
0.000728 0.999173 0.000099
0.162269 0.480389 0.357342
0.000050 0.991672 0.008278
0.975272 0.016146 0.008582
0.008875 0.988272 0.002853
0.267228 0.071912 0.660860
0.075106 0.924064 0.000830
0.419942 0.000189 0.579869
0.022199 0.361459 0.616342
0.000013 0.991166 0.008821
0.147010 0.835382 0.017608
0.377053 0.620877 0.002070
0.192516 0.807301 0.000183
0.043238 0.004138 0.952624
0.948608 0.044095 0.007296
0.005845 0.023324 0.970831
0.817928 0.179339 0.002733
0.663630 0.004666 0.331704
0.006049 0.959429 0.034522
0.000594 0.987590 0.011816
0.031395 0.935347 0.033258
0.835825 0.156015 0.008159
0.845480 0.149181 0.005340
0.896926 0.003689 0.099385
0.000013 0.999734 0.000253
0.953738 0.045012 0.001251
0.000029 0.999693 0.000278
0.979650 0.018029 0.002321
0.991379 0.001418 0.007203
0.225924 0.296647 0.477429
0.935842 0.052039 0.012119
0.058282 0.883909 0.057809
0.218697 0.286282 0.495021
0.670224 0.328324 0.001452
0.001751 0.979572 0.018676
0.061332 0.927228 0.011440
0.000000 0.999999 0.000001
0.002727 0.994177 0.003096
0.846652 0.003031 0.150317
0.182846 0.157088 0.660066
0.031269 0.062973 0.905757
0.005508 0.990059 0.004434
0.030084 0.103473 0.866443
0.006849 0.974064 0.019086
0.634298 0.324189 0.041513
0.015800 0.558756 0.425444
0.088259 0.909918 0.001823
0.877105 0.069098 0.053797
0.036877 0.955211 0.007913
0.840408 0.000679 0.158913
0.006017 0.985638 0.008344
0.040936 0.958297 0.000767
0.912032 0.086839 0.001130
0.000063 0.999702 0.000235
0.001845 0.998149 0.000006
0.057519 0.942000 0.000481
0.110300 0.861430 0.028270
0.897303 0.102029 0.000668
0.000286 0.999681 0.000034
0.817704 0.177492 0.004804
0.209253 0.762464 0.028283
0.000078 0.999873 0.000049
0.918747 0.062729 0.018524
0.023868 0.970309 0.005823
0.903964 0.021781 0.074255
0.360910 0.622469 0.016621
0.000008 0.999945 0.000046
0.532245 0.457185 0.010570
0.049102 0.950250 0.000648
0.985787 0.008294 0.005919
0.922206 0.048121 0.029673
0.974399 0.023620 0.001981
0.747780 0.010672 0.241548
0.001638 0.997583 0.000779
0.000020 0.998042 0.001938
0.013266 0.937871 0.048863
0.979124 0.018053 0.002823
0.000618 0.999179 0.000203
0.001061 0.927760 0.071179
0.005432 0.988347 0.006220
0.000680 0.996752 0.002568
0.043255 0.893439 0.063307
0.089958 0.897285 0.012757
0.210262 0.095368 0.694370
0.936692 0.003564 0.059744
0.980881 0.013511 0.005609
0.956424 0.017249 0.026327
0.021855 0.968043 0.010102
0.034246 0.964117 0.001637
0.139352 0.000889 0.859759
0.975094 0.008508 0.016397
0.699816 0.138963 0.161221
0.655318 0.332777 0.011906
0.531916 0.465217 0.002867
0.953740 0.027336 0.018923
0.000035 0.973841 0.026123
0.152601 0.819059 0.028340
0.700844 0.289793 0.009364
0.012220 0.980938 0.006842
0.000891 0.998745 0.000364
0.316041 0.555145 0.128814
0.029663 0.820142 0.150195
0.000596 0.999374 0.000029
0.000157 0.999283 0.000560
0.002267 0.982255 0.015478
0.908291 0.022661 0.069048
0.016972 0.981353 0.001675
0.105512 0.891417 0.003071
0.403255 0.596310 0.000435
0.015042 0.983821 0.001138
0.870154 0.127412 0.002434
0.834229 0.072638 0.093132
0.035352 0.956612 0.008036
0.005480 0.994316 0.000204
0.909885 0.042785 0.047330
0.973190 0.004981 0.021829
0.040067 0.927295 0.032638
0.580727 0.000278 0.418995
0.043137 0.955368 0.001495
0.929551 0.065053 0.005397
0.952990 0.046588 0.000422
0.014533 0.981408 0.004059
0.002729 0.997048 0.000223
0.599978 0.067996 0.332025
0.129802 0.858923 0.011275
0.003133 0.996030 0.000836
0.920517 0.011186 0.068297
0.003509 0.954550 0.041941
0.262541 0.736838 0.000622
0.746258 0.001593 0.252148
0.000002 0.999992 0.000006
0.841254 0.103491 0.055255
0.000177 0.999324 0.000499
0.982553 0.008632 0.008815
0.981861 0.011498 0.006641
0.973115 0.011222 0.015663
0.030874 0.906553 0.062572
0.963077 0.000319 0.036604
0.972758 0.022537 0.004705
0.857887 0.002815 0.139298
0.970231 0.000816 0.028953
0.051899 0.946423 0.001678
0.981335 0.005309 0.013356
0.068374 0.929128 0.002499
0.831089 0.151654 0.017258
0.005556 0.993377 0.001067
0.906906 0.090471 0.002623
0.677512 0.316598 0.005890
0.000941 0.998378 0.000681
0.903715 0.096117 0.000168
0.061818 0.936546 0.001636
0.001063 0.998801 0.000136
0.019621 0.980007 0.000372
0.010436 0.984398 0.005166
0.744670 0.254416 0.000914
0.679397 0.287537 0.033066
0.785127 0.210764 0.004108
0.731498 0.214397 0.054105
0.000522 0.998076 0.001402
0.000231 0.999734 0.000035
0.001763 0.963626 0.034611
0.934674 0.061861 0.003466
0.930809 0.069081 0.000110
0.000000 0.999999 0.000001
0.971749 0.020496 0.007755
0.003164 0.993802 0.003034
0.000004 0.999994 0.000002
0.002351 0.997567 0.000082
0.001070 0.716529 0.282401
0.138250 0.081556 0.780195
0.520043 0.267914 0.212043
0.747040 0.252804 0.000156
0.000015 0.998741 0.001244
0.000249 0.999381 0.000370
0.936695 0.060756 0.002550
0.008576 0.986946 0.004477
0.041091 0.214431 0.744478
0.003222 0.996193 0.000585
0.904755 0.008965 0.086280
0.000001 0.999974 0.000026
0.027732 0.814145 0.158123
0.961240 0.035798 0.002962
0.003403 0.332716 0.663881
0.197333 0.761351 0.041316
0.063997 0.929216 0.006788
0.067499 0.929340 0.003161
0.245739 0.000223 0.754038
0.000013 0.999980 0.000007
0.006550 0.955827 0.037623
0.001783 0.993680 0.004538
0.001625 0.997265 0.001110
0.988897 0.002444 0.008659
0.075701 0.863010 0.061289
0.000023 0.999976 0.000001
0.000001 0.999988 0.000011
0.905833 0.005650 0.088517
0.918375 0.080246 0.001380
0.919135 0.079192 0.001673
0.046917 0.951717 0.001366
0.544052 0.030156 0.425792
0.566451 0.194000 0.239549
0.054836 0.919557 0.025607
0.976619 0.003485 0.019896
0.578026 0.421772 0.000202
0.316839 0.008902 0.674258
0.025515 0.972116 0.002369
0.000000 0.999941 0.000059
0.966693 0.019118 0.014189
0.000233 0.999421 0.000346
0.914196 0.085732 0.000072
0.978276 0.018532 0.003192
0.545451 0.000662 0.453887
0.844524 0.011471 0.144005
0.000928 0.999062 0.000010
0.094691 0.892309 0.013000
0.629388 0.160882 0.209729
0.031816 0.968063 0.000121
0.022837 0.001264 0.975899
0.042472 0.956713 0.000815
0.000024 0.999669 0.000308
0.289208 0.695809 0.014983
0.000002 0.999979 0.000019
0.011816 0.986396 0.001788
0.500041 0.494787 0.005172
0.029614 0.951489 0.018897
0.000001 0.999985 0.000013
0.000009 0.999890 0.000101
0.814188 0.181439 0.004374
0.005587 0.994287 0.000126
0.003171 0.989671 0.007158
0.001218 0.997260 0.001522
0.000708 0.996297 0.002995
0.112463 0.009125 0.878412
0.354289 0.047066 0.598645
0.000645 0.996626 0.002730
0.401654 0.596816 0.001530
0.000179 0.994196 0.005625
0.945868 0.048399 0.005733
0.020716 0.978204 0.001079
0.850869 0.134233 0.014898
0.906887 0.073931 0.019182
0.002300 0.995328 0.002372
0.043083 0.956360 0.000557
0.497483 0.003070 0.499448
0.057057 0.942407 0.000536
0.870929 0.123347 0.005724
0.947208 0.002078 0.050715
0.044110 0.947787 0.008103
0.000001 0.999700 0.000299
0.953653 0.044500 0.001847
0.001548 0.997530 0.000922
0.917053 0.044629 0.038318
0.175488 0.823009 0.001503
0.804569 0.191222 0.004208
0.000448 0.999458 0.000094
0.003854 0.995939 0.000207
0.001704 0.998151 0.000145
0.000004 0.999936 0.000061
0.000694 0.998978 0.000327
0.007086 0.987367 0.005548
0.896375 0.099718 0.003907
0.789856 0.203955 0.006190
0.946093 0.046937 0.006970
0.356135 0.640679 0.003185
0.000007 0.999992 0.000000
0.136696 0.295430 0.567874
0.007187 0.886796 0.106017
0.851321 0.045408 0.103272
0.880938 0.109463 0.009599
0.924866 0.002772 0.072362
0.929673 0.051811 0.018516
0.002891 0.636809 0.360300
0.967627 0.028912 0.003460
0.722519 0.276160 0.001321
0.924111 0.064718 0.011171
0.267529 0.117005 0.615466
0.041661 0.792844 0.165495
0.000009 0.999788 0.000203
0.000006 0.999746 0.000249
0.012584 0.982536 0.004880
0.000000 0.999935 0.000065
0.005425 0.993242 0.001333
0.949586 0.045740 0.004674
0.002481 0.996637 0.000882
0.153503 0.827029 0.019469
0.000917 0.998831 0.000253
0.000319 0.883288 0.116393
0.993871 0.003389 0.002740
0.022049 0.976156 0.001795
0.685916 0.308203 0.005881
0.000511 0.996927 0.002562
0.000160 0.999828 0.000011
0.001117 0.998448 0.000436
0.780962 0.214226 0.004812
0.000008 0.986448 0.013544
0.001982 0.996645 0.001373
0.015994 0.983651 0.000355
0.243644 0.752937 0.003419
0.000924 0.998122 0.000954
0.000224 0.999598 0.000178
0.006613 0.992850 0.000536
0.918459 0.012724 0.068818
0.990314 0.007802 0.001883
0.001513 0.974294 0.024194
0.763134 0.234953 0.001913
0.000058 0.999818 0.000124
0.080576 0.914962 0.004462
0.737079 0.218059 0.044862
0.088676 0.907612 0.003712
0.973236 0.020901 0.005863
0.007494 0.990789 0.001717
0.648255 0.350633 0.001113
0.000000 0.999993 0.000007
0.937259 0.062228 0.000514
0.017500 0.960159 0.022340
0.107385 0.879518 0.013097
0.941257 0.043988 0.014755
0.096879 0.902261 0.000860
0.891524 0.021601 0.086875
0.007829 0.000257 0.991915
0.282640 0.712592 0.004768
0.121657 0.002511 0.875831
0.000091 0.998067 0.001842
0.004047 0.988120 0.007833
0.989775 0.003823 0.006402
0.035452 0.878497 0.086050
0.976016 0.019401 0.004583
0.978867 0.012812 0.008321
0.583478 0.368589 0.047934
0.968123 0.024779 0.007098
0.358281 0.613256 0.028464
0.973980 0.010525 0.015495
0.829427 0.019130 0.151443
0.008720 0.113485 0.877795
0.975320 0.002577 0.022103
0.008009 0.923544 0.068447
0.121520 0.863455 0.015025
0.131469 0.864586 0.003945
0.072781 0.030786 0.896432
0.003850 0.994947 0.001202
0.521713 0.381129 0.097158
0.000000 0.999986 0.000013
0.000001 0.999976 0.000023
0.000400 0.954469 0.045130
0.000081 0.999056 0.000863
0.057042 0.848263 0.094695
0.148082 0.735143 0.116775
0.000003 0.999687 0.000310
0.001479 0.998502 0.000020
0.018619 0.875456 0.105924
0.000060 0.999918 0.000022
0.949267 0.039451 0.011282
0.831586 0.084680 0.083734
0.865037 0.126313 0.008651
0.000204 0.999567 0.000229
0.013113 0.925660 0.061227
0.970982 0.027597 0.001421
0.006979 0.121220 0.871801
0.025877 0.973571 0.000552
0.301475 0.697664 0.000861
0.964723 0.034782 0.000495
0.584266 0.008289 0.407445
0.819590 0.008523 0.171887
0.252622 0.000763 0.746614
0.000312 0.999273 0.000415
0.000004 0.999864 0.000132
0.964393 0.023243 0.012364
0.024405 0.974269 0.001326
0.000259 0.994678 0.005063
0.482481 0.007141 0.510378
0.894438 0.105441 0.000121
0.132070 0.841309 0.026621
0.913576 0.084771 0.001653
0.976408 0.011865 0.011727
0.105799 0.893501 0.000700
0.020292 0.965043 0.014665
0.004616 0.810380 0.185004
0.000048 0.999151 0.000802
0.025398 0.967979 0.006622
0.010555 0.989261 0.000184
0.555719 0.037417 0.406864
0.000375 0.999606 0.000019
0.055595 0.404382 0.540023
0.001640 0.997502 0.000858
0.837233 0.153645 0.009123
0.936643 0.060566 0.002791
0.001824 0.997675 0.000501
0.000048 0.999921 0.000031
0.000035 0.991482 0.008483
0.001887 0.997485 0.000628
0.956833 0.018443 0.024725
0.031223 0.952797 0.015980
0.969480 0.014664 0.015856
0.961208 0.038223 0.000569
0.000018 0.998497 0.001485
0.000649 0.640425 0.358926
0.053257 0.926305 0.020437
0.010429 0.662207 0.327363
0.018325 0.977182 0.004492
0.041190 0.927072 0.031739
0.587246 0.411129 0.001625
0.000866 0.999030 0.000103
0.947527 0.051572 0.000900
0.609199 0.239751 0.151050
0.000122 0.993967 0.005911
0.977884 0.001480 0.020636
0.369774 0.092644 0.537582
0.006952 0.992873 0.000174
0.856663 0.138282 0.005055
0.037156 0.961806 0.001038
0.547366 0.451965 0.000668
0.000182 0.982802 0.017016
0.846259 0.096934 0.056807
0.031966 0.966614 0.001420
0.001560 0.998400 0.000040
0.047600 0.951507 0.000893
0.061523 0.897014 0.041463
0.001363 0.995832 0.002806
0.007368 0.913600 0.079032
0.000020 0.999969 0.000011
0.853470 0.058653 0.087876
0.005372 0.994144 0.000484
0.844313 0.101843 0.053844
0.693222 0.291543 0.015236
0.169972 0.829967 0.000062
0.051052 0.947673 0.001276
0.962204 0.037428 0.000369
0.950540 0.040053 0.009407
0.926028 0.073775 0.000197
0.774195 0.000922 0.224884
0.928439 0.023688 0.047873
0.465503 0.529938 0.004559
0.148602 0.846650 0.004747
0.975851 0.020181 0.003969
0.934433 0.064217 0.001350
0.002789 0.000533 0.996678
0.000120 0.999783 0.000096
0.923622 0.001039 0.075338
0.952290 0.020906 0.026804
0.004353 0.968495 0.027151
0.687780 0.295960 0.016260
0.000017 0.954659 0.045324
0.312054 0.577738 0.110208
0.000326 0.999327 0.000348
0.070075 0.007740 0.922185
0.003334 0.981801 0.014865
0.076464 0.002069 0.921467
0.202634 0.789686 0.007680
0.133782 0.854817 0.011401
0.001470 0.998309 0.000221
0.084239 0.905385 0.010376
0.000187 0.997890 0.001923
0.612162 0.371266 0.016572
0.259553 0.721577 0.018870
0.014670 0.982580 0.002750
0.000589 0.994156 0.005255
0.787622 0.208089 0.004289
0.800052 0.192753 0.007196
0.992416 0.006241 0.001343
0.785192 0.143875 0.070933
0.000113 0.999634 0.000252
0.787446 0.208613 0.003941
0.000001 0.999865 0.000134
0.880844 0.116549 0.002607
0.011739 0.987705 0.000557
0.866917 0.125225 0.007858
0.041424 0.958475 0.000101
0.488400 0.489627 0.021974
0.000092 0.999851 0.000057
0.764503 0.089056 0.146441
0.000236 0.999686 0.000078
0.040448 0.949939 0.009612
0.990442 0.000931 0.008627
0.920484 0.073008 0.006507
0.000025 0.997176 0.002799
0.000002 0.999987 0.000011
0.010597 0.989359 0.000044
0.945295 0.010527 0.044177
0.006303 0.991731 0.001966
0.023806 0.975311 0.000883
0.942850 0.049915 0.007235
0.924069 0.066444 0.009487
0.014736 0.000601 0.984663
0.000404 0.999567 0.000028
0.657088 0.025655 0.317258
0.928696 0.068731 0.002573
0.914213 0.006545 0.079242
0.086750 0.001983 0.911267
0.302461 0.695551 0.001988
0.005194 0.984233 0.010573
0.306226 0.685667 0.008107
0.980029 0.016244 0.003727
0.002660 0.957290 0.040050
0.886863 0.110371 0.002767
0.000000 0.999968 0.000031
0.910613 0.078436 0.010952
0.002721 0.992968 0.004312
0.000008 0.998978 0.001014
0.035218 0.964648 0.000134
0.919355 0.003519 0.077126
0.441620 0.139588 0.418792
0.000003 0.999556 0.000441
0.969150 0.004976 0.025874
0.899665 0.096914 0.003421
0.940511 0.048251 0.011238
0.000006 0.999866 0.000128
0.813735 0.004652 0.181614
0.950079 0.009383 0.040538
0.950678 0.049189 0.000132
0.000090 0.999853 0.000056
0.948387 0.013919 0.037693
0.010436 0.979673 0.009891
0.002987 0.009470 0.987543
0.366169 0.630318 0.003513
0.000016 0.999631 0.000353
0.860122 0.138889 0.000989
0.000042 0.999769 0.000189
0.000151 0.999806 0.000043
0.905445 0.070429 0.024126
0.794855 0.121427 0.083718
0.089213 0.899770 0.011017
0.077837 0.908729 0.013434
0.012870 0.987083 0.000047
0.945173 0.054457 0.000370
0.972302 0.020284 0.007414
0.837424 0.121358 0.041218
0.984080 0.001656 0.014264
0.000284 0.854994 0.144721
0.000615 0.982567 0.016817
0.000347 0.971623 0.028030
0.807817 0.002309 0.189874
0.917345 0.078328 0.004328
0.869913 0.092003 0.038084
0.001805 0.954505 0.043690
0.951372 0.047883 0.000745
0.010491 0.989132 0.000377
0.000584 0.999325 0.000091
0.494638 0.004656 0.500706
0.993367 0.006192 0.000442
0.711979 0.177898 0.110123
0.020881 0.978665 0.000454
0.979714 0.009099 0.011187
0.005955 0.993613 0.000432
0.867940 0.059539 0.072521
0.962850 0.035645 0.001505
0.946928 0.049891 0.003181
0.198341 0.794364 0.007295
0.002682 0.994574 0.002744
0.964347 0.033055 0.002598
0.916057 0.076146 0.007797
0.021833 0.975286 0.002881
0.080297 0.008596 0.911107
0.000001 0.999343 0.000656
0.897950 0.100114 0.001937
0.000125 0.997500 0.002376
0.010043 0.972324 0.017633
0.000001 0.999686 0.000313
0.935621 0.003811 0.060568
0.656783 0.018863 0.324354
0.047742 0.441383 0.510875
0.826700 0.172676 0.000624
0.002129 0.996108 0.001763
0.002717 0.991611 0.005673
0.000442 0.982869 0.016688
0.026940 0.972016 0.001044
0.000057 0.999859 0.000084
0.539859 0.087007 0.373135
0.066026 0.931484 0.002489
0.002906 0.128867 0.868227
0.964083 0.003684 0.032234
0.084066 0.905006 0.010928
0.911723 0.087469 0.000807
0.913362 0.004207 0.082431
0.974960 0.024529 0.000511
0.925197 0.011906 0.062897
0.876693 0.001669 0.121638
0.000046 0.999943 0.000010
0.004982 0.986139 0.008879
0.968862 0.003897 0.027240
0.615431 0.384162 0.000408
0.000047 0.999303 0.000650
0.911862 0.005779 0.082359
0.993762 0.002406 0.003832
0.956694 0.042792 0.000514
0.927966 0.004652 0.067382
0.658154 0.006856 0.334989
0.977185 0.021346 0.001468
0.000018 0.999530 0.000452
0.441378 0.373436 0.185186
0.263448 0.004249 0.732303
0.000007 0.999920 0.000073
0.012720 0.983464 0.003815
0.015702 0.976496 0.007801
0.052494 0.933164 0.014342
0.133703 0.778446 0.087851
0.021203 0.978092 0.000705
0.019817 0.959138 0.021045
0.896466 0.077479 0.026055
0.983780 0.012487 0.003733
0.077479 0.855107 0.067414
0.122240 0.031920 0.845839
0.946004 0.053154 0.000842
0.000036 0.999951 0.000013
0.030588 0.967676 0.001736
0.019162 0.962569 0.018269
0.002329 0.997546 0.000124
0.003410 0.994912 0.001678
0.011691 0.985984 0.002325
0.607685 0.352675 0.039640
0.976588 0.011552 0.011860
0.848409 0.141455 0.010135
0.992444 0.005784 0.001772
0.000873 0.998072 0.001055
0.035396 0.963904 0.000700
0.911361 0.061866 0.026774
0.985120 0.007448 0.007432
0.000955 0.532476 0.466569
0.000001 0.999992 0.000007
0.019751 0.978335 0.001915
0.018889 0.978519 0.002591
0.047504 0.304296 0.648201
0.009045 0.990256 0.000699
0.877507 0.122100 0.000392
0.960267 0.038839 0.000893
0.441761 0.291573 0.266666
0.001230 0.045391 0.953378
0.728294 0.266822 0.004884
0.909624 0.079225 0.011151
0.004830 0.994400 0.000769
0.818710 0.070076 0.111214
0.535772 0.342899 0.121329
0.947308 0.015224 0.037467
0.124355 0.872155 0.003489
0.010292 0.233686 0.756022
0.000001 0.999640 0.000359
0.927964 0.054385 0.017651
0.001673 0.998146 0.000181
0.003767 0.990766 0.005467
0.950239 0.008995 0.040766
0.008429 0.991367 0.000205
0.224584 0.562887 0.212529
0.000004 0.999946 0.000050
0.000014 0.539518 0.460468
0.008840 0.990878 0.000282
0.258122 0.000673 0.741205
0.003250 0.990864 0.005886
0.000395 0.999475 0.000131
0.000232 0.999750 0.000018
0.082702 0.022665 0.894633
0.000017 0.999927 0.000056
0.030049 0.958504 0.011446
0.000003 0.999976 0.000020
0.966491 0.028489 0.005020
0.959691 0.028694 0.011616
0.132503 0.862855 0.004643
0.592411 0.373547 0.034042
0.984946 0.014096 0.000958
0.008724 0.990265 0.001011
0.481199 0.518366 0.000436
0.176335 0.001590 0.822074
0.943665 0.033086 0.023250
0.932140 0.055665 0.012195
0.000250 0.999168 0.000582
0.942087 0.048880 0.009033
0.000000 0.999995 0.000005
0.919809 0.007026 0.073165
0.001436 0.985000 0.013564
0.000003 0.999539 0.000458
0.026118 0.973364 0.000518
0.014905 0.984412 0.000683
0.001959 0.997938 0.000103
0.000299 0.980078 0.019623
0.057856 0.937393 0.004751
0.968492 0.004847 0.026660
0.092266 0.899515 0.008219
0.977775 0.001316 0.020909
0.974926 0.000603 0.024472
0.008310 0.991406 0.000284
0.993265 0.000516 0.006219
0.000025 0.999658 0.000317
0.944836 0.053423 0.001742
0.214687 0.776616 0.008697
0.968667 0.018688 0.012645
0.994419 0.005106 0.000475
0.000205 0.999110 0.000684
0.022157 0.976928 0.000915
0.017172 0.966189 0.016639
0.032262 0.949013 0.018725
0.025330 0.974342 0.000328
0.249978 0.315421 0.434601
0.956579 0.041737 0.001685
0.000008 0.999965 0.000027
0.972584 0.021801 0.005615
0.001323 0.998567 0.000109
0.923181 0.072062 0.004756
0.024462 0.973518 0.002020
0.945046 0.000208 0.054745
0.711989 0.000299 0.287712
0.000045 0.999791 0.000164
0.000067 0.999201 0.000732
0.002607 0.996898 0.000494
0.053498 0.945322 0.001180
0.000010 0.999224 0.000766
0.392688 0.368145 0.239167
0.548477 0.000171 0.451352
0.014232 0.985765 0.000003
0.942364 0.031405 0.026231
0.043419 0.000823 0.955758
0.008705 0.991043 0.000252
0.044455 0.093918 0.861628
0.011582 0.986464 0.001954
0.004421 0.991731 0.003848
0.726264 0.036129 0.237607
0.000953 0.997521 0.001527
0.858833 0.130447 0.010720
0.961152 0.029803 0.009045
0.981021 0.015719 0.003261
0.104610 0.885578 0.009812
0.000188 0.999310 0.000502
0.000993 0.998493 0.000513
0.918756 0.007665 0.073578
0.637244 0.000577 0.362179
0.850625 0.001188 0.148187
0.656621 0.117047 0.226332
0.422099 0.577813 0.000088
0.000290 0.993461 0.006249
0.000075 0.998790 0.001136
0.942556 0.051188 0.006256
0.000611 0.999302 0.000086
0.211995 0.760773 0.027232
0.000008 0.999414 0.000579
0.000007 0.999854 0.000139
0.705334 0.194843 0.099823
0.000192 0.765071 0.234737
0.905952 0.032716 0.061332
0.872094 0.123400 0.004506
0.000005 0.999902 0.000092
0.039783 0.958454 0.001762
0.800629 0.014278 0.185092
0.923859 0.048128 0.028013
0.850667 0.011116 0.138217
0.039568 0.958751 0.001680
0.000004 0.999793 0.000204
0.064020 0.931441 0.004539
0.031106 0.951522 0.017373
0.940371 0.056556 0.003073
0.000329 0.999469 0.000202
0.821775 0.000298 0.177928
0.023966 0.965675 0.010359
0.000000 0.999999 0.000001
0.012763 0.144465 0.842772
0.349833 0.647819 0.002349
0.042593 0.949649 0.007758
0.958124 0.038245 0.003631
0.803515 0.006954 0.189530
0.934609 0.009904 0.055487
0.914309 0.021988 0.063703
0.987708 0.006644 0.005648
0.899543 0.059721 0.040735
0.952387 0.004973 0.042641
0.293776 0.315138 0.391086
0.916411 0.061032 0.022557
0.597628 0.008691 0.393681
0.005011 0.955969 0.039020
0.043416 0.949188 0.007397
0.902339 0.000760 0.096901
0.000252 0.425621 0.574127
0.003642 0.987737 0.008621
0.943175 0.026417 0.030408
0.000030 0.999022 0.000948
0.461996 0.523675 0.014329
0.953316 0.037276 0.009408
0.850381 0.139147 0.010472
0.226561 0.210581 0.562859
0.954665 0.041531 0.003805
0.171505 0.018638 0.809857
0.758924 0.158762 0.082313
0.000004 0.999987 0.000009
0.401397 0.597131 0.001472
0.863151 0.000428 0.136421
0.688110 0.264570 0.047320
0.130402 0.866183 0.003415
0.120019 0.874842 0.005139
0.589761 0.120801 0.289438
0.000063 0.996858 0.003078
0.818016 0.162601 0.019383
0.001550 0.998231 0.000219
0.067011 0.928277 0.004712
0.946961 0.008140 0.044899
0.959625 0.015763 0.024612
0.956501 0.038258 0.005242
0.121725 0.826370 0.051905
0.005721 0.994075 0.000205
0.006438 0.984383 0.009178
0.002941 0.983141 0.013919
0.984936 0.012225 0.002839
0.062449 0.937538 0.000012
0.002949 0.993080 0.003972
0.012298 0.980536 0.007166
0.000000 0.999991 0.000009
0.014445 0.983292 0.002263
0.022544 0.977366 0.000091
0.000201 0.999771 0.000028
0.045011 0.952800 0.002189
0.408201 0.583033 0.008766
0.784321 0.212688 0.002991
0.036273 0.963163 0.000565
0.950728 0.046282 0.002991
0.861615 0.130629 0.007757
0.858411 0.019091 0.122498
0.006363 0.935818 0.057818
0.972226 0.004626 0.023148
0.000015 0.999837 0.000148
0.000314 0.999300 0.000386
0.909960 0.010206 0.079835
0.000022 0.997477 0.002501
0.884515 0.011537 0.103949
0.136814 0.804884 0.058303
0.002967 0.995895 0.001138
0.137370 0.852136 0.010494
0.946278 0.040041 0.013680
0.775783 0.214591 0.009626
0.997684 0.000703 0.001614
0.186185 0.802155 0.011660
0.008198 0.991595 0.000207
0.891986 0.008384 0.099630
0.928978 0.030462 0.040560
0.005281 0.992383 0.002336
0.018736 0.980208 0.001056
0.972302 0.002652 0.025046
0.791085 0.208830 0.000085
0.926182 0.073609 0.000209
0.952846 0.019334 0.027820
0.004077 0.667676 0.328248
0.111668 0.887822 0.000511
0.771734 0.224741 0.003525
0.575049 0.419625 0.005326
0.007098 0.991361 0.001540
0.735236 0.263497 0.001267
0.933075 0.049687 0.017237
0.498489 0.005937 0.495575
0.941628 0.001602 0.056770
0.004837 0.993073 0.002090
0.941625 0.057168 0.001207
0.572963 0.377596 0.049441
0.918058 0.079723 0.002219
0.046745 0.015476 0.937779
0.809876 0.189741 0.000383
0.021748 0.975056 0.003196
0.283819 0.670244 0.045937
0.000002 0.999986 0.000013
0.576070 0.006599 0.417332
0.015465 0.946351 0.038184
0.981642 0.002719 0.015639
0.148778 0.708434 0.142788
0.869018 0.082442 0.048540
0.944967 0.032979 0.022054
0.004080 0.993661 0.002259
0.968881 0.004296 0.026823
0.181083 0.007919 0.810998
0.026696 0.960403 0.012902
0.091759 0.740182 0.168059
0.001203 0.996034 0.002763
0.069374 0.930309 0.000317
0.951922 0.043641 0.004437
0.000655 0.998876 0.000469
0.923871 0.007910 0.068218
0.961748 0.001536 0.036716
0.000002 0.999977 0.000021
0.299425 0.699537 0.001038
0.013753 0.970316 0.015931
0.001007 0.945395 0.053597
0.043089 0.953462 0.003449
0.001293 0.741860 0.256847
0.000666 0.999267 0.000067
0.001157 0.991622 0.007221
0.890971 0.068571 0.040458
0.852049 0.140035 0.007916
0.000001 0.999984 0.000014
0.016504 0.983455 0.000041
0.007865 0.667171 0.324964
0.858834 0.001012 0.140154
0.092835 0.901806 0.005359
0.001340 0.939335 0.059324
0.980555 0.006464 0.012981
0.002172 0.016964 0.980863
0.000334 0.998898 0.000768
0.915281 0.008224 0.076495
0.001535 0.994068 0.004397
0.892863 0.040043 0.067094
0.980256 0.019556 0.000188
0.006628 0.972499 0.020874
0.002451 0.997499 0.000050
0.003996 0.939905 0.056100
0.000512 0.999485 0.000004
0.043439 0.591725 0.364836
0.218690 0.061317 0.719993
0.717235 0.094167 0.188597
0.946818 0.052914 0.000268
0.854072 0.003171 0.142757
0.000168 0.999827 0.000005
0.957161 0.023541 0.019298
0.801020 0.198314 0.000666
0.000168 0.993135 0.006697
0.000000 0.999996 0.000004
0.953940 0.046009 0.000051
0.007549 0.992317 0.000134
0.002292 0.271188 0.726520
0.000867 0.997718 0.001415
0.398228 0.540721 0.061051
0.000204 0.998465 0.001330
0.959685 0.000536 0.039779
0.007570 0.904284 0.088147
0.924090 0.066430 0.009480
0.938510 0.044563 0.016927
0.003698 0.996260 0.000042
0.021698 0.962385 0.015918
0.774285 0.224997 0.000719
0.960729 0.020619 0.018652
0.000650 0.997728 0.001622
